Dynamical matrix file
                                                                           
  2    2  2 10.5000000  0.0000000  0.0000000  0.0000000  0.0000000  0.0000000
           1  'Al  '    24590.7656527287     
           2  'As  '    68285.4026205499     
    1    1      0.0000000000      0.0000000000      0.0000000000
    2    2      0.2500000000      0.2500000000      0.2500000000

     Dynamical  Matrix in cartesian axes

     q = (   -0.250000000   0.250000000  -0.250000000 ) 

    1    1
  0.23202720  0.00000000   -0.02546982  0.00000000    0.02546982  0.00000000
 -0.02546982  0.00000000    0.23202720  0.00000000   -0.02546982  0.00000000
  0.02546982  0.00000000   -0.02546982  0.00000000    0.23202720  0.00000000
    1    2
 -0.16509157 -0.05848542   -0.02946539  0.04600199    0.02946539 -0.04600199
 -0.02946539  0.04600199   -0.16509157 -0.05848542   -0.02946539  0.04600199
  0.02946539 -0.04600199   -0.02946539  0.04600199   -0.16509157 -0.05848542
    2    1
 -0.16509157  0.05848542   -0.02946539 -0.04600199    0.02946539  0.04600199
 -0.02946539 -0.04600199   -0.16509157  0.05848542   -0.02946539 -0.04600199
  0.02946539  0.04600199   -0.02946539 -0.04600199   -0.16509157  0.05848542
    2    2
  0.23114253 -0.00000000   -0.02106158  0.00000000    0.02106158 -0.00000000
 -0.02106158  0.00000000    0.23114253 -0.00000000   -0.02106158  0.00000000
  0.02106158 -0.00000000   -0.02106158  0.00000000    0.23114253 -0.00000000

     Dynamical  Matrix in cartesian axes

     q = (    0.250000000  -0.250000000   0.250000000 ) 

    1    1
  0.23202720  0.00000000   -0.02546982  0.00000000    0.02546982  0.00000000
 -0.02546982  0.00000000    0.23202720  0.00000000   -0.02546982  0.00000000
  0.02546982  0.00000000   -0.02546982  0.00000000    0.23202720  0.00000000
    1    2
 -0.16509157  0.05848542   -0.02946539 -0.04600199    0.02946539  0.04600199
 -0.02946539 -0.04600199   -0.16509157  0.05848542   -0.02946539 -0.04600199
  0.02946539  0.04600199   -0.02946539 -0.04600199   -0.16509157  0.05848542
    2    1
 -0.16509157 -0.05848542   -0.02946539  0.04600199    0.02946539 -0.04600199
 -0.02946539  0.04600199   -0.16509157 -0.05848542   -0.02946539  0.04600199
  0.02946539 -0.04600199   -0.02946539  0.04600199   -0.16509157 -0.05848542
    2    2
  0.23114253  0.00000000   -0.02106158 -0.00000000    0.02106158  0.00000000
 -0.02106158 -0.00000000    0.23114253  0.00000000   -0.02106158 -0.00000000
  0.02106158  0.00000000   -0.02106158 -0.00000000    0.23114253  0.00000000

     Dynamical  Matrix in cartesian axes

     q = (    0.250000000   0.250000000   0.250000000 ) 

    1    1
  0.23202720  0.00000000    0.02546982  0.00000000    0.02546982  0.00000000
  0.02546982  0.00000000    0.23202720  0.00000000    0.02546982  0.00000000
  0.02546982  0.00000000    0.02546982  0.00000000    0.23202720  0.00000000
    1    2
 -0.05848542  0.16509157   -0.04600199 -0.02946539   -0.04600199 -0.02946539
 -0.04600199 -0.02946539   -0.05848542  0.16509157   -0.04600199 -0.02946539
 -0.04600199 -0.02946539   -0.04600199 -0.02946539   -0.05848542  0.16509157
    2    1
 -0.05848542 -0.16509157   -0.04600199  0.02946539   -0.04600199  0.02946539
 -0.04600199  0.02946539   -0.05848542 -0.16509157   -0.04600199  0.02946539
 -0.04600199  0.02946539   -0.04600199  0.02946539   -0.05848542 -0.16509157
    2    2
  0.23114253 -0.00000000    0.02106158 -0.00000000    0.02106158 -0.00000000
  0.02106158 -0.00000000    0.23114253 -0.00000000    0.02106158 -0.00000000
  0.02106158 -0.00000000    0.02106158 -0.00000000    0.23114253 -0.00000000

     Dynamical  Matrix in cartesian axes

     q = (   -0.250000000  -0.250000000  -0.250000000 ) 

    1    1
  0.23202720  0.00000000    0.02546982  0.00000000    0.02546982  0.00000000
  0.02546982  0.00000000    0.23202720  0.00000000    0.02546982  0.00000000
  0.02546982  0.00000000    0.02546982  0.00000000    0.23202720  0.00000000
    1    2
 -0.05848542 -0.16509157   -0.04600199  0.02946539   -0.04600199  0.02946539
 -0.04600199  0.02946539   -0.05848542 -0.16509157   -0.04600199  0.02946539
 -0.04600199  0.02946539   -0.04600199  0.02946539   -0.05848542 -0.16509157
    2    1
 -0.05848542  0.16509157   -0.04600199 -0.02946539   -0.04600199 -0.02946539
 -0.04600199 -0.02946539   -0.05848542  0.16509157   -0.04600199 -0.02946539
 -0.04600199 -0.02946539   -0.04600199 -0.02946539   -0.05848542  0.16509157
    2    2
  0.23114253  0.00000000    0.02106158  0.00000000    0.02106158  0.00000000
  0.02106158  0.00000000    0.23114253  0.00000000    0.02106158  0.00000000
  0.02106158  0.00000000    0.02106158  0.00000000    0.23114253  0.00000000

     Dynamical  Matrix in cartesian axes

     q = (    0.250000000  -0.250000000  -0.250000000 ) 

    1    1
  0.23202720  0.00000000   -0.02546982  0.00000000   -0.02546982  0.00000000
 -0.02546982  0.00000000    0.23202720  0.00000000    0.02546982  0.00000000
 -0.02546982  0.00000000    0.02546982  0.00000000    0.23202720  0.00000000
    1    2
 -0.16509157 -0.05848542   -0.02946539  0.04600199   -0.02946539  0.04600199
 -0.02946539  0.04600199   -0.16509157 -0.05848542    0.02946539 -0.04600199
 -0.02946539  0.04600199    0.02946539 -0.04600199   -0.16509157 -0.05848542
    2    1
 -0.16509157  0.05848542   -0.02946539 -0.04600199   -0.02946539 -0.04600199
 -0.02946539 -0.04600199   -0.16509157  0.05848542    0.02946539  0.04600199
 -0.02946539 -0.04600199    0.02946539  0.04600199   -0.16509157  0.05848542
    2    2
  0.23114253 -0.00000000   -0.02106158  0.00000000   -0.02106158  0.00000000
 -0.02106158  0.00000000    0.23114253 -0.00000000    0.02106158 -0.00000000
 -0.02106158  0.00000000    0.02106158 -0.00000000    0.23114253 -0.00000000

     Dynamical  Matrix in cartesian axes

     q = (   -0.250000000   0.250000000   0.250000000 ) 

    1    1
  0.23202720  0.00000000   -0.02546982  0.00000000   -0.02546982  0.00000000
 -0.02546982  0.00000000    0.23202720  0.00000000    0.02546982  0.00000000
 -0.02546982  0.00000000    0.02546982  0.00000000    0.23202720  0.00000000
    1    2
 -0.16509157  0.05848542   -0.02946539 -0.04600199   -0.02946539 -0.04600199
 -0.02946539 -0.04600199   -0.16509157  0.05848542    0.02946539  0.04600199
 -0.02946539 -0.04600199    0.02946539  0.04600199   -0.16509157  0.05848542
    2    1
 -0.16509157 -0.05848542   -0.02946539  0.04600199   -0.02946539  0.04600199
 -0.02946539  0.04600199   -0.16509157 -0.05848542    0.02946539 -0.04600199
 -0.02946539  0.04600199    0.02946539 -0.04600199   -0.16509157 -0.05848542
    2    2
  0.23114253  0.00000000   -0.02106158 -0.00000000   -0.02106158 -0.00000000
 -0.02106158 -0.00000000    0.23114253  0.00000000    0.02106158  0.00000000
 -0.02106158 -0.00000000    0.02106158  0.00000000    0.23114253  0.00000000

     Dynamical  Matrix in cartesian axes

     q = (   -0.250000000  -0.250000000   0.250000000 ) 

    1    1
  0.23202720  0.00000000    0.02546982  0.00000000   -0.02546982  0.00000000
  0.02546982  0.00000000    0.23202720  0.00000000   -0.02546982  0.00000000
 -0.02546982  0.00000000   -0.02546982  0.00000000    0.23202720  0.00000000
    1    2
 -0.16509157 -0.05848542    0.02946539 -0.04600199   -0.02946539  0.04600199
  0.02946539 -0.04600199   -0.16509157 -0.05848542   -0.02946539  0.04600199
 -0.02946539  0.04600199   -0.02946539  0.04600199   -0.16509157 -0.05848542
    2    1
 -0.16509157  0.05848542    0.02946539  0.04600199   -0.02946539 -0.04600199
  0.02946539  0.04600199   -0.16509157  0.05848542   -0.02946539 -0.04600199
 -0.02946539 -0.04600199   -0.02946539 -0.04600199   -0.16509157  0.05848542
    2    2
  0.23114253 -0.00000000    0.02106158 -0.00000000   -0.02106158  0.00000000
  0.02106158 -0.00000000    0.23114253 -0.00000000   -0.02106158  0.00000000
 -0.02106158  0.00000000   -0.02106158  0.00000000    0.23114253 -0.00000000

     Dynamical  Matrix in cartesian axes

     q = (    0.250000000   0.250000000  -0.250000000 ) 

    1    1
  0.23202720  0.00000000    0.02546982  0.00000000   -0.02546982  0.00000000
  0.02546982  0.00000000    0.23202720  0.00000000   -0.02546982  0.00000000
 -0.02546982  0.00000000   -0.02546982  0.00000000    0.23202720  0.00000000
    1    2
 -0.16509157  0.05848542    0.02946539  0.04600199   -0.02946539 -0.04600199
  0.02946539  0.04600199   -0.16509157  0.05848542   -0.02946539 -0.04600199
 -0.02946539 -0.04600199   -0.02946539 -0.04600199   -0.16509157  0.05848542
    2    1
 -0.16509157 -0.05848542    0.02946539 -0.04600199   -0.02946539  0.04600199
  0.02946539 -0.04600199   -0.16509157 -0.05848542   -0.02946539  0.04600199
 -0.02946539  0.04600199   -0.02946539  0.04600199   -0.16509157 -0.05848542
    2    2
  0.23114253  0.00000000    0.02106158  0.00000000   -0.02106158 -0.00000000
  0.02106158  0.00000000    0.23114253  0.00000000   -0.02106158 -0.00000000
 -0.02106158 -0.00000000   -0.02106158 -0.00000000    0.23114253  0.00000000

     Diagonalizing the dynamical matrix

     q = (   -0.250000000   0.250000000  -0.250000000 ) 

 **************************************************************************
     freq (    1) =       1.761287 [THz] =      58.750206 [cm-1]
 (  0.089423 -0.105629 -0.426964 -0.138762 -0.516388 -0.033133 ) 
 (  0.084402 -0.113733 -0.445130 -0.113733 -0.529532  0.000000 ) 
     freq (    2) =       1.761287 [THz] =      58.750206 [cm-1]
 ( -0.483024 -0.270508 -0.242921 -0.255102  0.240104  0.015406 ) 
 ( -0.511014 -0.244605 -0.264798 -0.244605  0.246215  0.000000 ) 
     freq (    3) =       4.534093 [THz] =     151.241055 [cm-1]
 ( -0.204608 -0.290045  0.204608  0.290045 -0.204608 -0.290045 ) 
 ( -0.455349 -0.000000  0.455349  0.000000 -0.455349  0.000000 ) 
     freq (    4) =      11.004846 [THz] =     367.082156 [cm-1]
 ( -0.447617 -0.000422  0.316792  0.048625  0.764410  0.049047 ) 
 (  0.157203 -0.009938 -0.112346 -0.009938 -0.269550  0.000000 ) 
     freq (    5) =      11.004846 [THz] =     367.082156 [cm-1]
 (  0.582288 -0.231919  0.662619 -0.226764  0.080331  0.005154 ) 
 ( -0.199261  0.094565 -0.227588  0.094565 -0.028327  0.000000 ) 
     freq (    6) =      12.136526 [THz] =     404.830923 [cm-1]
 (  0.320422  0.454218 -0.320422 -0.454218  0.320422  0.454218 ) 
 ( -0.156040 -0.000000  0.156040 -0.000000 -0.156040  0.000000 ) 
 **************************************************************************
