Dynamical matrix file
                                                                           
  2    2  2 10.5000000  0.0000000  0.0000000  0.0000000  0.0000000  0.0000000
           1  'Al  '    24590.7656527287     
           2  'As  '    68285.4026205499     
    1    1      0.0000000000      0.0000000000      0.0000000000
    2    2      0.2500000000      0.2500000000      0.2500000000

     Dynamical  Matrix in cartesian axes

     q = (   -0.250000000   0.250000000  -0.250000000 ) 

    1    1
  0.23202818 -0.00000000   -0.02547014  0.00000000    0.02547014 -0.00000000
 -0.02547014  0.00000000    0.23202818 -0.00000000   -0.02547014  0.00000000
  0.02547014 -0.00000000   -0.02547014  0.00000000    0.23202818 -0.00000000
    1    2
 -0.16509066 -0.05848472   -0.02946605  0.04600127    0.02946605 -0.04600127
 -0.02946605  0.04600127   -0.16509066 -0.05848472   -0.02946605  0.04600127
  0.02946605 -0.04600127   -0.02946605  0.04600127   -0.16509066 -0.05848472
    2    1
 -0.16509066  0.05848472   -0.02946605 -0.04600127    0.02946605  0.04600127
 -0.02946605 -0.04600127   -0.16509066  0.05848472   -0.02946605 -0.04600127
  0.02946605  0.04600127   -0.02946605 -0.04600127   -0.16509066  0.05848472
    2    2
  0.23114204  0.00000000   -0.02106378 -0.00000000    0.02106378  0.00000000
 -0.02106378 -0.00000000    0.23114204  0.00000000   -0.02106378 -0.00000000
  0.02106378  0.00000000   -0.02106378 -0.00000000    0.23114204  0.00000000

     Dynamical  Matrix in cartesian axes

     q = (    0.250000000  -0.250000000   0.250000000 ) 

    1    1
  0.23202818  0.00000000   -0.02547014 -0.00000000    0.02547014  0.00000000
 -0.02547014 -0.00000000    0.23202818  0.00000000   -0.02547014 -0.00000000
  0.02547014  0.00000000   -0.02547014 -0.00000000    0.23202818  0.00000000
    1    2
 -0.16509066  0.05848472   -0.02946605 -0.04600127    0.02946605  0.04600127
 -0.02946605 -0.04600127   -0.16509066  0.05848472   -0.02946605 -0.04600127
  0.02946605  0.04600127   -0.02946605 -0.04600127   -0.16509066  0.05848472
    2    1
 -0.16509066 -0.05848472   -0.02946605  0.04600127    0.02946605 -0.04600127
 -0.02946605  0.04600127   -0.16509066 -0.05848472   -0.02946605  0.04600127
  0.02946605 -0.04600127   -0.02946605  0.04600127   -0.16509066 -0.05848472
    2    2
  0.23114204 -0.00000000   -0.02106378  0.00000000    0.02106378 -0.00000000
 -0.02106378  0.00000000    0.23114204 -0.00000000   -0.02106378  0.00000000
  0.02106378 -0.00000000   -0.02106378  0.00000000    0.23114204 -0.00000000

     Dynamical  Matrix in cartesian axes

     q = (    0.250000000   0.250000000   0.250000000 ) 

    1    1
  0.23202818 -0.00000000    0.02547014 -0.00000000    0.02547014 -0.00000000
  0.02547014 -0.00000000    0.23202818 -0.00000000    0.02547014 -0.00000000
  0.02547014 -0.00000000    0.02547014 -0.00000000    0.23202818 -0.00000000
    1    2
 -0.05848472  0.16509066   -0.04600127 -0.02946605   -0.04600127 -0.02946605
 -0.04600127 -0.02946605   -0.05848472  0.16509066   -0.04600127 -0.02946605
 -0.04600127 -0.02946605   -0.04600127 -0.02946605   -0.05848472  0.16509066
    2    1
 -0.05848472 -0.16509066   -0.04600127  0.02946605   -0.04600127  0.02946605
 -0.04600127  0.02946605   -0.05848472 -0.16509066   -0.04600127  0.02946605
 -0.04600127  0.02946605   -0.04600127  0.02946605   -0.05848472 -0.16509066
    2    2
  0.23114204  0.00000000    0.02106378  0.00000000    0.02106378  0.00000000
  0.02106378  0.00000000    0.23114204  0.00000000    0.02106378  0.00000000
  0.02106378  0.00000000    0.02106378  0.00000000    0.23114204  0.00000000

     Dynamical  Matrix in cartesian axes

     q = (   -0.250000000  -0.250000000  -0.250000000 ) 

    1    1
  0.23202818  0.00000000    0.02547014  0.00000000    0.02547014  0.00000000
  0.02547014  0.00000000    0.23202818  0.00000000    0.02547014  0.00000000
  0.02547014  0.00000000    0.02547014  0.00000000    0.23202818  0.00000000
    1    2
 -0.05848472 -0.16509066   -0.04600127  0.02946605   -0.04600127  0.02946605
 -0.04600127  0.02946605   -0.05848472 -0.16509066   -0.04600127  0.02946605
 -0.04600127  0.02946605   -0.04600127  0.02946605   -0.05848472 -0.16509066
    2    1
 -0.05848472  0.16509066   -0.04600127 -0.02946605   -0.04600127 -0.02946605
 -0.04600127 -0.02946605   -0.05848472  0.16509066   -0.04600127 -0.02946605
 -0.04600127 -0.02946605   -0.04600127 -0.02946605   -0.05848472  0.16509066
    2    2
  0.23114204 -0.00000000    0.02106378 -0.00000000    0.02106378 -0.00000000
  0.02106378 -0.00000000    0.23114204 -0.00000000    0.02106378 -0.00000000
  0.02106378 -0.00000000    0.02106378 -0.00000000    0.23114204 -0.00000000

     Dynamical  Matrix in cartesian axes

     q = (    0.250000000  -0.250000000  -0.250000000 ) 

    1    1
  0.23202818 -0.00000000   -0.02547014  0.00000000   -0.02547014  0.00000000
 -0.02547014  0.00000000    0.23202818 -0.00000000    0.02547014 -0.00000000
 -0.02547014  0.00000000    0.02547014 -0.00000000    0.23202818 -0.00000000
    1    2
 -0.16509066 -0.05848472   -0.02946605  0.04600127   -0.02946605  0.04600127
 -0.02946605  0.04600127   -0.16509066 -0.05848472    0.02946605 -0.04600127
 -0.02946605  0.04600127    0.02946605 -0.04600127   -0.16509066 -0.05848472
    2    1
 -0.16509066  0.05848472   -0.02946605 -0.04600127   -0.02946605 -0.04600127
 -0.02946605 -0.04600127   -0.16509066  0.05848472    0.02946605  0.04600127
 -0.02946605 -0.04600127    0.02946605  0.04600127   -0.16509066  0.05848472
    2    2
  0.23114204  0.00000000   -0.02106378 -0.00000000   -0.02106378 -0.00000000
 -0.02106378 -0.00000000    0.23114204  0.00000000    0.02106378  0.00000000
 -0.02106378 -0.00000000    0.02106378  0.00000000    0.23114204  0.00000000

     Dynamical  Matrix in cartesian axes

     q = (   -0.250000000   0.250000000   0.250000000 ) 

    1    1
  0.23202818  0.00000000   -0.02547014 -0.00000000   -0.02547014 -0.00000000
 -0.02547014 -0.00000000    0.23202818  0.00000000    0.02547014  0.00000000
 -0.02547014 -0.00000000    0.02547014  0.00000000    0.23202818  0.00000000
    1    2
 -0.16509066  0.05848472   -0.02946605 -0.04600127   -0.02946605 -0.04600127
 -0.02946605 -0.04600127   -0.16509066  0.05848472    0.02946605  0.04600127
 -0.02946605 -0.04600127    0.02946605  0.04600127   -0.16509066  0.05848472
    2    1
 -0.16509066 -0.05848472   -0.02946605  0.04600127   -0.02946605  0.04600127
 -0.02946605  0.04600127   -0.16509066 -0.05848472    0.02946605 -0.04600127
 -0.02946605  0.04600127    0.02946605 -0.04600127   -0.16509066 -0.05848472
    2    2
  0.23114204 -0.00000000   -0.02106378  0.00000000   -0.02106378  0.00000000
 -0.02106378  0.00000000    0.23114204 -0.00000000    0.02106378 -0.00000000
 -0.02106378  0.00000000    0.02106378 -0.00000000    0.23114204 -0.00000000

     Dynamical  Matrix in cartesian axes

     q = (   -0.250000000  -0.250000000   0.250000000 ) 

    1    1
  0.23202818 -0.00000000    0.02547014 -0.00000000   -0.02547014  0.00000000
  0.02547014 -0.00000000    0.23202818 -0.00000000   -0.02547014  0.00000000
 -0.02547014  0.00000000   -0.02547014  0.00000000    0.23202818 -0.00000000
    1    2
 -0.16509066 -0.05848472    0.02946605 -0.04600127   -0.02946605  0.04600127
  0.02946605 -0.04600127   -0.16509066 -0.05848472   -0.02946605  0.04600127
 -0.02946605  0.04600127   -0.02946605  0.04600127   -0.16509066 -0.05848472
    2    1
 -0.16509066  0.05848472    0.02946605  0.04600127   -0.02946605 -0.04600127
  0.02946605  0.04600127   -0.16509066  0.05848472   -0.02946605 -0.04600127
 -0.02946605 -0.04600127   -0.02946605 -0.04600127   -0.16509066  0.05848472
    2    2
  0.23114204  0.00000000    0.02106378  0.00000000   -0.02106378 -0.00000000
  0.02106378  0.00000000    0.23114204  0.00000000   -0.02106378 -0.00000000
 -0.02106378 -0.00000000   -0.02106378 -0.00000000    0.23114204  0.00000000

     Dynamical  Matrix in cartesian axes

     q = (    0.250000000   0.250000000  -0.250000000 ) 

    1    1
  0.23202818  0.00000000    0.02547014  0.00000000   -0.02547014 -0.00000000
  0.02547014  0.00000000    0.23202818  0.00000000   -0.02547014 -0.00000000
 -0.02547014 -0.00000000   -0.02547014 -0.00000000    0.23202818  0.00000000
    1    2
 -0.16509066  0.05848472    0.02946605  0.04600127   -0.02946605 -0.04600127
  0.02946605  0.04600127   -0.16509066  0.05848472   -0.02946605 -0.04600127
 -0.02946605 -0.04600127   -0.02946605 -0.04600127   -0.16509066  0.05848472
    2    1
 -0.16509066 -0.05848472    0.02946605 -0.04600127   -0.02946605  0.04600127
  0.02946605 -0.04600127   -0.16509066 -0.05848472   -0.02946605  0.04600127
 -0.02946605  0.04600127   -0.02946605  0.04600127   -0.16509066 -0.05848472
    2    2
  0.23114204 -0.00000000    0.02106378 -0.00000000   -0.02106378  0.00000000
  0.02106378 -0.00000000    0.23114204 -0.00000000   -0.02106378  0.00000000
 -0.02106378  0.00000000   -0.02106378  0.00000000    0.23114204 -0.00000000

     Diagonalizing the dynamical matrix

     q = (   -0.250000000   0.250000000  -0.250000000 ) 

 **************************************************************************
     freq (    1) =       1.761234 [THz] =      58.748452 [cm-1]
 ( -0.129640  0.001910  0.415110  0.036863  0.544749  0.034953 ) 
 ( -0.132270  0.010446  0.426349  0.010446  0.558619  0.000000 ) 
     freq (    2) =       1.761234 [THz] =      58.748452 [cm-1]
 ( -0.551430 -0.068949 -0.385442 -0.058298  0.165988  0.010650 ) 
 ( -0.567669 -0.034281 -0.397455 -0.034281  0.170214  0.000000 ) 
     freq (    3) =       4.534231 [THz] =     151.245656 [cm-1]
 (  0.204606  0.290043 -0.204606 -0.290043  0.204606  0.290043 ) 
 (  0.455351 -0.000000 -0.455351  0.000000  0.455351  0.000000 ) 
     freq (    4) =      11.004848 [THz] =     367.082226 [cm-1]
 ( -0.012630  0.240040 -0.634931  0.200111 -0.622301 -0.039929 ) 
 ( -0.000973 -0.084581  0.218464 -0.084581  0.219437  0.000000 ) 
     freq (    5) =      11.004848 [THz] =     367.082226 [cm-1]
 ( -0.672196  0.289105 -0.221067  0.318051  0.451130  0.028946 ) 
 (  0.229545 -0.116673  0.070467 -0.116673 -0.159078  0.000000 ) 
     freq (    6) =      12.136529 [THz] =     404.831037 [cm-1]
 (  0.320421  0.454220 -0.320421 -0.454220  0.320421  0.454220 ) 
 ( -0.156039  0.000000  0.156039  0.000000 -0.156039  0.000000 ) 
 **************************************************************************
