Dynamical matrix file
                                                                           
  2    2  2 10.5000000  0.0000000  0.0000000  0.0000000  0.0000000  0.0000000
           1  'Al  '    24590.7656527287     
           2  'As  '    68285.4026205499     
    1    1      0.0000000000      0.0000000000      0.0000000000
    2    2      0.2500000000      0.2500000000      0.2500000000

     Dynamical  Matrix in cartesian axes

     q = (    0.500000000   0.000000000   0.500000000 ) 

    1    1
  0.21973451 -0.00000000    0.00000000 -0.01744764    0.01847780 -0.00000000
 -0.00000000  0.01744764    0.23143473 -0.00000000   -0.00000000  0.01744764
  0.01847780 -0.00000000   -0.00000000 -0.01744764    0.21973451 -0.00000000
    1    2
  0.00000000  0.10682068   -0.07531906 -0.00000000    0.00000000 -0.07067289
 -0.09224367 -0.00000000    0.00000000  0.10832847   -0.09224367 -0.00000000
  0.00000000 -0.07067289   -0.07531906 -0.00000000   -0.00000000  0.10682068
    2    1
  0.00000000 -0.10682068   -0.09224367 -0.00000000    0.00000000  0.07067289
 -0.07531906  0.00000000    0.00000000 -0.10832847   -0.07531906  0.00000000
  0.00000000  0.07067289   -0.09224367 -0.00000000   -0.00000000 -0.10682068
    2    2
  0.23488434  0.00000000    0.00000000 -0.01303224    0.02640289  0.00000000
  0.00000000  0.01303224    0.24372762  0.00000000    0.00000000  0.01303224
  0.02640289  0.00000000    0.00000000 -0.01303224    0.23488434  0.00000000

     Dynamical  Matrix in cartesian axes

     q = (   -0.500000000   0.000000000  -0.500000000 ) 

    1    1
  0.21973451  0.00000000    0.00000000  0.01744764    0.01847780  0.00000000
 -0.00000000 -0.01744764    0.23143473  0.00000000   -0.00000000 -0.01744764
  0.01847780  0.00000000   -0.00000000  0.01744764    0.21973451  0.00000000
    1    2
 -0.00000000 -0.10682068   -0.07531906  0.00000000   -0.00000000  0.07067289
 -0.09224367  0.00000000   -0.00000000 -0.10832847   -0.09224367  0.00000000
 -0.00000000  0.07067289   -0.07531906  0.00000000   -0.00000000 -0.10682068
    2    1
 -0.00000000  0.10682068   -0.09224367  0.00000000   -0.00000000 -0.07067289
 -0.07531906  0.00000000   -0.00000000  0.10832847   -0.07531906  0.00000000
 -0.00000000 -0.07067289   -0.09224367  0.00000000   -0.00000000  0.10682068
    2    2
  0.23488434  0.00000000    0.00000000  0.01303224    0.02640289  0.00000000
  0.00000000 -0.01303224    0.24372762  0.00000000    0.00000000 -0.01303224
  0.02640289  0.00000000    0.00000000  0.01303224    0.23488434  0.00000000

     Dynamical  Matrix in cartesian axes

     q = (    0.000000000  -0.500000000   0.500000000 ) 

    1    1
  0.23143473 -0.00000000    0.00000000  0.01744764    0.00000000 -0.01744764
  0.00000000 -0.01744764    0.21973451 -0.00000000   -0.01847780  0.00000000
  0.00000000  0.01744764   -0.01847780  0.00000000    0.21973451 -0.00000000
    1    2
 -0.10832847  0.00000000    0.00000000 -0.09224367   -0.00000000  0.09224367
  0.00000000 -0.07531906   -0.10682068  0.00000000   -0.07067289  0.00000000
 -0.00000000  0.07531906   -0.07067289  0.00000000   -0.10682068  0.00000000
    2    1
 -0.10832847  0.00000000    0.00000000  0.07531906    0.00000000 -0.07531906
 -0.00000000  0.09224367   -0.10682068  0.00000000   -0.07067289  0.00000000
  0.00000000 -0.09224367   -0.07067289  0.00000000   -0.10682068  0.00000000
    2    2
  0.24372762  0.00000000    0.00000000  0.01303224    0.00000000 -0.01303224
  0.00000000 -0.01303224    0.23488434  0.00000000   -0.02640289  0.00000000
 -0.00000000  0.01303224   -0.02640289  0.00000000    0.23488434  0.00000000

     Dynamical  Matrix in cartesian axes

     q = (    0.500000000  -0.500000000   0.000000000 ) 

    1    1
  0.21973451 -0.00000000   -0.01847780  0.00000000   -0.00000000  0.01744764
 -0.01847780  0.00000000    0.21973451 -0.00000000   -0.00000000 -0.01744764
  0.00000000 -0.01744764    0.00000000  0.01744764    0.23143473 -0.00000000
    1    2
 -0.10682068  0.00000000   -0.07067289 -0.00000000   -0.00000000  0.07531906
 -0.07067289 -0.00000000   -0.10682068  0.00000000    0.00000000 -0.07531906
  0.00000000  0.09224367    0.00000000 -0.09224367   -0.10832847  0.00000000
    2    1
 -0.10682068 -0.00000000   -0.07067289  0.00000000   -0.00000000 -0.09224367
 -0.07067289  0.00000000   -0.10682068 -0.00000000   -0.00000000  0.09224367
 -0.00000000 -0.07531906    0.00000000  0.07531906   -0.10832847 -0.00000000
    2    2
  0.23488434  0.00000000   -0.02640289  0.00000000    0.00000000  0.01303224
 -0.02640289  0.00000000    0.23488434  0.00000000    0.00000000 -0.01303224
  0.00000000 -0.01303224    0.00000000  0.01303224    0.24372762  0.00000000

     Dynamical  Matrix in cartesian axes

     q = (    0.000000000  -0.500000000  -0.500000000 ) 

    1    1
  0.23143473  0.00000000    0.00000000 -0.01744764    0.00000000 -0.01744764
  0.00000000  0.01744764    0.21973451  0.00000000    0.01847780 -0.00000000
 -0.00000000  0.01744764    0.01847780 -0.00000000    0.21973451  0.00000000
    1    2
 -0.00000000 -0.10832847   -0.09224367  0.00000000   -0.09224367  0.00000000
 -0.07531906 -0.00000000   -0.00000000 -0.10682068    0.00000000  0.07067289
 -0.07531906 -0.00000000    0.00000000  0.07067289   -0.00000000 -0.10682068
    2    1
 -0.00000000  0.10832847   -0.07531906 -0.00000000   -0.07531906  0.00000000
 -0.09224367 -0.00000000   -0.00000000  0.10682068    0.00000000 -0.07067289
 -0.09224367  0.00000000    0.00000000 -0.07067289   -0.00000000  0.10682068
    2    2
  0.24372762  0.00000000    0.00000000 -0.01303224    0.00000000 -0.01303224
  0.00000000  0.01303224    0.23488434  0.00000000    0.02640289  0.00000000
  0.00000000  0.01303224    0.02640289  0.00000000    0.23488434  0.00000000

     Dynamical  Matrix in cartesian axes

     q = (   -0.500000000   0.000000000   0.500000000 ) 

    1    1
  0.21973451  0.00000000    0.00000000 -0.01744764   -0.01847780  0.00000000
  0.00000000  0.01744764    0.23143473 -0.00000000    0.00000000 -0.01744764
 -0.01847780  0.00000000    0.00000000  0.01744764    0.21973451  0.00000000
    1    2
 -0.10682068  0.00000000    0.00000000 -0.07531906   -0.07067289  0.00000000
  0.00000000 -0.09224367   -0.10832847  0.00000000    0.00000000  0.09224367
 -0.07067289  0.00000000   -0.00000000  0.07531906   -0.10682068  0.00000000
    2    1
 -0.10682068  0.00000000    0.00000000  0.09224367   -0.07067289  0.00000000
  0.00000000  0.07531906   -0.10832847  0.00000000   -0.00000000 -0.07531906
 -0.07067289  0.00000000   -0.00000000 -0.09224367   -0.10682068  0.00000000
    2    2
  0.23488434  0.00000000    0.00000000 -0.01303224   -0.02640289  0.00000000
  0.00000000  0.01303224    0.24372762  0.00000000    0.00000000 -0.01303224
 -0.02640289  0.00000000    0.00000000  0.01303224    0.23488434  0.00000000

     Dynamical  Matrix in cartesian axes

     q = (    0.500000000   0.500000000   0.000000000 ) 

    1    1
  0.21973451  0.00000000    0.01847780  0.00000000   -0.00000000 -0.01744764
  0.01847780  0.00000000    0.21973451  0.00000000    0.00000000 -0.01744764
 -0.00000000  0.01744764   -0.00000000  0.01744764    0.23143473  0.00000000
    1    2
 -0.00000000  0.10682068    0.00000000 -0.07067289   -0.07531906 -0.00000000
  0.00000000 -0.07067289   -0.00000000  0.10682068   -0.07531906 -0.00000000
 -0.09224367  0.00000000   -0.09224367  0.00000000    0.00000000  0.10832847
    2    1
 -0.00000000 -0.10682068    0.00000000  0.07067289   -0.09224367  0.00000000
  0.00000000  0.07067289   -0.00000000 -0.10682068   -0.09224367  0.00000000
 -0.07531906  0.00000000   -0.07531906  0.00000000    0.00000000 -0.10832847
    2    2
  0.23488434  0.00000000    0.02640289  0.00000000   -0.00000000 -0.01303224
  0.02640289  0.00000000    0.23488434  0.00000000   -0.00000000 -0.01303224
  0.00000000  0.01303224    0.00000000  0.01303224    0.24372762  0.00000000

     Dynamical  Matrix in cartesian axes

     q = (   -0.500000000  -0.500000000   0.000000000 ) 

    1    1
  0.21973451 -0.00000000    0.01847780 -0.00000000   -0.00000000  0.01744764
  0.01847780 -0.00000000    0.21973451 -0.00000000    0.00000000  0.01744764
 -0.00000000 -0.01744764   -0.00000000 -0.01744764    0.23143473 -0.00000000
    1    2
 -0.00000000 -0.10682068   -0.00000000  0.07067289   -0.07531906  0.00000000
 -0.00000000  0.07067289   -0.00000000 -0.10682068   -0.07531906 -0.00000000
 -0.09224367  0.00000000   -0.09224367  0.00000000   -0.00000000 -0.10832847
    2    1
 -0.00000000  0.10682068   -0.00000000 -0.07067289   -0.09224367 -0.00000000
 -0.00000000 -0.07067289   -0.00000000  0.10682068   -0.09224367 -0.00000000
 -0.07531906  0.00000000   -0.07531906  0.00000000   -0.00000000  0.10832847
    2    2
  0.23488434  0.00000000    0.02640289  0.00000000   -0.00000000  0.01303224
  0.02640289  0.00000000    0.23488434  0.00000000   -0.00000000  0.01303224
  0.00000000 -0.01303224    0.00000000 -0.01303224    0.24372762  0.00000000

     Dynamical  Matrix in cartesian axes

     q = (   -0.500000000   0.500000000   0.000000000 ) 

    1    1
  0.21973451 -0.00000000   -0.01847780  0.00000000   -0.00000000 -0.01744764
 -0.01847780  0.00000000    0.21973451 -0.00000000   -0.00000000  0.01744764
  0.00000000  0.01744764    0.00000000 -0.01744764    0.23143473 -0.00000000
    1    2
 -0.10682068  0.00000000   -0.07067289 -0.00000000    0.00000000 -0.07531906
 -0.07067289 -0.00000000   -0.10682068  0.00000000   -0.00000000  0.07531906
  0.00000000 -0.09224367    0.00000000  0.09224367   -0.10832847 -0.00000000
    2    1
 -0.10682068 -0.00000000   -0.07067289  0.00000000    0.00000000  0.09224367
 -0.07067289  0.00000000   -0.10682068 -0.00000000    0.00000000 -0.09224367
  0.00000000  0.07531906    0.00000000 -0.07531906   -0.10832847 -0.00000000
    2    2
  0.23488434  0.00000000   -0.02640289  0.00000000    0.00000000 -0.01303224
 -0.02640289  0.00000000    0.23488434  0.00000000    0.00000000  0.01303224
  0.00000000  0.01303224    0.00000000 -0.01303224    0.24372762  0.00000000

     Dynamical  Matrix in cartesian axes

     q = (    0.500000000   0.000000000  -0.500000000 ) 

    1    1
  0.21973451  0.00000000    0.00000000  0.01744764   -0.01847780  0.00000000
  0.00000000 -0.01744764    0.23143473  0.00000000    0.00000000  0.01744764
 -0.01847780  0.00000000    0.00000000 -0.01744764    0.21973451  0.00000000
    1    2
 -0.10682068  0.00000000   -0.00000000  0.07531906   -0.07067289  0.00000000
  0.00000000  0.09224367   -0.10832847 -0.00000000    0.00000000 -0.09224367
 -0.07067289  0.00000000    0.00000000 -0.07531906   -0.10682068  0.00000000
    2    1
 -0.10682068  0.00000000    0.00000000 -0.09224367   -0.07067289  0.00000000
 -0.00000000 -0.07531906   -0.10832847  0.00000000    0.00000000  0.07531906
 -0.07067289  0.00000000   -0.00000000  0.09224367   -0.10682068  0.00000000
    2    2
  0.23488434  0.00000000    0.00000000  0.01303224   -0.02640289  0.00000000
  0.00000000 -0.01303224    0.24372762  0.00000000    0.00000000  0.01303224
 -0.02640289  0.00000000    0.00000000 -0.01303224    0.23488434  0.00000000

     Dynamical  Matrix in cartesian axes

     q = (    0.000000000   0.500000000   0.500000000 ) 

    1    1
  0.23143473 -0.00000000    0.00000000  0.01744764    0.00000000  0.01744764
  0.00000000 -0.01744764    0.21973451 -0.00000000    0.01847780  0.00000000
 -0.00000000 -0.01744764    0.01847780  0.00000000    0.21973451 -0.00000000
    1    2
  0.00000000  0.10832847   -0.09224367 -0.00000000   -0.09224367  0.00000000
 -0.07531906 -0.00000000    0.00000000  0.10682068    0.00000000 -0.07067289
 -0.07531906 -0.00000000    0.00000000 -0.07067289    0.00000000  0.10682068
    2    1
  0.00000000 -0.10832847   -0.07531906  0.00000000   -0.07531906 -0.00000000
 -0.09224367  0.00000000    0.00000000 -0.10682068    0.00000000  0.07067289
 -0.09224367 -0.00000000    0.00000000  0.07067289    0.00000000 -0.10682068
    2    2
  0.24372762  0.00000000    0.00000000  0.01303224    0.00000000  0.01303224
  0.00000000 -0.01303224    0.23488434  0.00000000    0.02640289  0.00000000
  0.00000000 -0.01303224    0.02640289  0.00000000    0.23488434  0.00000000

     Dynamical  Matrix in cartesian axes

     q = (    0.000000000   0.500000000  -0.500000000 ) 

    1    1
  0.23143473  0.00000000    0.00000000 -0.01744764    0.00000000  0.01744764
  0.00000000  0.01744764    0.21973451  0.00000000   -0.01847780 -0.00000000
  0.00000000 -0.01744764   -0.01847780 -0.00000000    0.21973451  0.00000000
    1    2
 -0.10832847  0.00000000   -0.00000000  0.09224367    0.00000000 -0.09224367
 -0.00000000  0.07531906   -0.10682068  0.00000000   -0.07067289  0.00000000
  0.00000000 -0.07531906   -0.07067289  0.00000000   -0.10682068  0.00000000
    2    1
 -0.10832847  0.00000000    0.00000000 -0.07531906    0.00000000  0.07531906
 -0.00000000 -0.09224367   -0.10682068  0.00000000   -0.07067289  0.00000000
  0.00000000  0.09224367   -0.07067289  0.00000000   -0.10682068  0.00000000
    2    2
  0.24372762  0.00000000    0.00000000 -0.01303224    0.00000000  0.01303224
  0.00000000  0.01303224    0.23488434  0.00000000   -0.02640289  0.00000000
 -0.00000000 -0.01303224   -0.02640289  0.00000000    0.23488434  0.00000000

     Diagonalizing the dynamical matrix

     q = (    0.500000000   0.000000000   0.500000000 ) 

 **************************************************************************
     freq (    1) =       2.515006 [THz] =      83.891573 [cm-1]
 (  0.000000  0.486951 -0.000000 -0.000000  0.000000 -0.486951 ) 
 ( -0.512717 -0.000000  0.000000 -0.000000  0.512717  0.000000 ) 
     freq (    2) =       3.826552 [THz] =     127.640045 [cm-1]
 ( -0.000000 -0.245933 -0.605373 -0.000000 -0.000000 -0.245933 ) 
 ( -0.228699 -0.000000  0.000000 -0.638710 -0.228699  0.000000 ) 
     freq (    3) =       5.426950 [THz] =     181.023570 [cm-1]
 ( -0.000000 -0.269317  0.284519  0.000000 -0.000000 -0.269317 ) 
 (  0.548455 -0.000000 -0.000000 -0.415187  0.548455  0.000000 ) 
     freq (    4) =      10.718972 [THz] =     357.546418 [cm-1]
 (  0.000000  0.653490  0.273068 -0.000000  0.000000  0.653490 ) 
 ( -0.010874  0.000000 -0.000000 -0.266645 -0.010874  0.000000 ) 
     freq (    5) =      10.737646 [THz] =     358.169304 [cm-1]
 (  0.000000 -0.669056 -0.000000 -0.000000  0.000000  0.669056 ) 
 ( -0.228831  0.000000 -0.000000  0.000000  0.228831  0.000000 ) 
     freq (    6) =      11.302975 [THz] =     377.026668 [cm-1]
 ( -0.000000  0.257276 -0.892693  0.000000 -0.000000  0.257276 ) 
 (  0.170884  0.000000  0.000000  0.110972  0.170884  0.000000 ) 
 **************************************************************************
