Dynamical matrix file
                                                                           
  2    2  2 10.5000000  0.0000000  0.0000000  0.0000000  0.0000000  0.0000000
           1  'Al  '    24590.7656527287     
           2  'As  '    68285.4026205499     
    1    1      0.0000000000      0.0000000000      0.0000000000
    2    2      0.2500000000      0.2500000000      0.2500000000

     Dynamical  Matrix in cartesian axes

     q = (   -0.250000000   0.250000000  -0.250000000 ) 

    1    1
  0.23202720  0.00000000   -0.02546982  0.00000000    0.02546982  0.00000000
 -0.02546982  0.00000000    0.23202720  0.00000000   -0.02546982  0.00000000
  0.02546982  0.00000000   -0.02546982  0.00000000    0.23202720  0.00000000
    1    2
 -0.16509157 -0.05848542   -0.02946539  0.04600199    0.02946539 -0.04600199
 -0.02946539  0.04600199   -0.16509157 -0.05848542   -0.02946539  0.04600199
  0.02946539 -0.04600199   -0.02946539  0.04600199   -0.16509157 -0.05848542
    2    1
 -0.16509157  0.05848542   -0.02946539 -0.04600199    0.02946539  0.04600199
 -0.02946539 -0.04600199   -0.16509157  0.05848542   -0.02946539 -0.04600199
  0.02946539  0.04600199   -0.02946539 -0.04600199   -0.16509157  0.05848542
    2    2
  0.23114253  0.00000000   -0.02106158 -0.00000000    0.02106158  0.00000000
 -0.02106158 -0.00000000    0.23114253  0.00000000   -0.02106158 -0.00000000
  0.02106158  0.00000000   -0.02106158 -0.00000000    0.23114253  0.00000000

     Dynamical  Matrix in cartesian axes

     q = (    0.250000000  -0.250000000   0.250000000 ) 

    1    1
  0.23202720  0.00000000   -0.02546982  0.00000000    0.02546982  0.00000000
 -0.02546982  0.00000000    0.23202720  0.00000000   -0.02546982  0.00000000
  0.02546982  0.00000000   -0.02546982  0.00000000    0.23202720  0.00000000
    1    2
 -0.16509157  0.05848542   -0.02946539 -0.04600199    0.02946539  0.04600199
 -0.02946539 -0.04600199   -0.16509157  0.05848542   -0.02946539 -0.04600199
  0.02946539  0.04600199   -0.02946539 -0.04600199   -0.16509157  0.05848542
    2    1
 -0.16509157 -0.05848542   -0.02946539  0.04600199    0.02946539 -0.04600199
 -0.02946539  0.04600199   -0.16509157 -0.05848542   -0.02946539  0.04600199
  0.02946539 -0.04600199   -0.02946539  0.04600199   -0.16509157 -0.05848542
    2    2
  0.23114253 -0.00000000   -0.02106158  0.00000000    0.02106158 -0.00000000
 -0.02106158  0.00000000    0.23114253 -0.00000000   -0.02106158  0.00000000
  0.02106158 -0.00000000   -0.02106158  0.00000000    0.23114253 -0.00000000

     Dynamical  Matrix in cartesian axes

     q = (    0.250000000   0.250000000   0.250000000 ) 

    1    1
  0.23202720  0.00000000    0.02546982  0.00000000    0.02546982  0.00000000
  0.02546982  0.00000000    0.23202720  0.00000000    0.02546982  0.00000000
  0.02546982  0.00000000    0.02546982  0.00000000    0.23202720  0.00000000
    1    2
 -0.05848542  0.16509157   -0.04600199 -0.02946539   -0.04600199 -0.02946539
 -0.04600199 -0.02946539   -0.05848542  0.16509157   -0.04600199 -0.02946539
 -0.04600199 -0.02946539   -0.04600199 -0.02946539   -0.05848542  0.16509157
    2    1
 -0.05848542 -0.16509157   -0.04600199  0.02946539   -0.04600199  0.02946539
 -0.04600199  0.02946539   -0.05848542 -0.16509157   -0.04600199  0.02946539
 -0.04600199  0.02946539   -0.04600199  0.02946539   -0.05848542 -0.16509157
    2    2
  0.23114253  0.00000000    0.02106158  0.00000000    0.02106158  0.00000000
  0.02106158  0.00000000    0.23114253  0.00000000    0.02106158  0.00000000
  0.02106158  0.00000000    0.02106158  0.00000000    0.23114253  0.00000000

     Dynamical  Matrix in cartesian axes

     q = (   -0.250000000  -0.250000000  -0.250000000 ) 

    1    1
  0.23202720  0.00000000    0.02546982  0.00000000    0.02546982  0.00000000
  0.02546982  0.00000000    0.23202720  0.00000000    0.02546982  0.00000000
  0.02546982  0.00000000    0.02546982  0.00000000    0.23202720  0.00000000
    1    2
 -0.05848542 -0.16509157   -0.04600199  0.02946539   -0.04600199  0.02946539
 -0.04600199  0.02946539   -0.05848542 -0.16509157   -0.04600199  0.02946539
 -0.04600199  0.02946539   -0.04600199  0.02946539   -0.05848542 -0.16509157
    2    1
 -0.05848542  0.16509157   -0.04600199 -0.02946539   -0.04600199 -0.02946539
 -0.04600199 -0.02946539   -0.05848542  0.16509157   -0.04600199 -0.02946539
 -0.04600199 -0.02946539   -0.04600199 -0.02946539   -0.05848542  0.16509157
    2    2
  0.23114253 -0.00000000    0.02106158 -0.00000000    0.02106158 -0.00000000
  0.02106158 -0.00000000    0.23114253 -0.00000000    0.02106158 -0.00000000
  0.02106158 -0.00000000    0.02106158 -0.00000000    0.23114253 -0.00000000

     Dynamical  Matrix in cartesian axes

     q = (    0.250000000  -0.250000000  -0.250000000 ) 

    1    1
  0.23202720  0.00000000   -0.02546982  0.00000000   -0.02546982  0.00000000
 -0.02546982  0.00000000    0.23202720  0.00000000    0.02546982  0.00000000
 -0.02546982  0.00000000    0.02546982  0.00000000    0.23202720  0.00000000
    1    2
 -0.16509157 -0.05848542   -0.02946539  0.04600199   -0.02946539  0.04600199
 -0.02946539  0.04600199   -0.16509157 -0.05848542    0.02946539 -0.04600199
 -0.02946539  0.04600199    0.02946539 -0.04600199   -0.16509157 -0.05848542
    2    1
 -0.16509157  0.05848542   -0.02946539 -0.04600199   -0.02946539 -0.04600199
 -0.02946539 -0.04600199   -0.16509157  0.05848542    0.02946539  0.04600199
 -0.02946539 -0.04600199    0.02946539  0.04600199   -0.16509157  0.05848542
    2    2
  0.23114253  0.00000000   -0.02106158 -0.00000000   -0.02106158 -0.00000000
 -0.02106158 -0.00000000    0.23114253  0.00000000    0.02106158  0.00000000
 -0.02106158 -0.00000000    0.02106158  0.00000000    0.23114253  0.00000000

     Dynamical  Matrix in cartesian axes

     q = (   -0.250000000   0.250000000   0.250000000 ) 

    1    1
  0.23202720  0.00000000   -0.02546982  0.00000000   -0.02546982  0.00000000
 -0.02546982  0.00000000    0.23202720  0.00000000    0.02546982  0.00000000
 -0.02546982  0.00000000    0.02546982  0.00000000    0.23202720  0.00000000
    1    2
 -0.16509157  0.05848542   -0.02946539 -0.04600199   -0.02946539 -0.04600199
 -0.02946539 -0.04600199   -0.16509157  0.05848542    0.02946539  0.04600199
 -0.02946539 -0.04600199    0.02946539  0.04600199   -0.16509157  0.05848542
    2    1
 -0.16509157 -0.05848542   -0.02946539  0.04600199   -0.02946539  0.04600199
 -0.02946539  0.04600199   -0.16509157 -0.05848542    0.02946539 -0.04600199
 -0.02946539  0.04600199    0.02946539 -0.04600199   -0.16509157 -0.05848542
    2    2
  0.23114253 -0.00000000   -0.02106158  0.00000000   -0.02106158  0.00000000
 -0.02106158  0.00000000    0.23114253 -0.00000000    0.02106158 -0.00000000
 -0.02106158  0.00000000    0.02106158 -0.00000000    0.23114253 -0.00000000

     Dynamical  Matrix in cartesian axes

     q = (   -0.250000000  -0.250000000   0.250000000 ) 

    1    1
  0.23202720  0.00000000    0.02546982  0.00000000   -0.02546982  0.00000000
  0.02546982  0.00000000    0.23202720  0.00000000   -0.02546982  0.00000000
 -0.02546982  0.00000000   -0.02546982  0.00000000    0.23202720  0.00000000
    1    2
 -0.16509157 -0.05848542    0.02946539 -0.04600199   -0.02946539  0.04600199
  0.02946539 -0.04600199   -0.16509157 -0.05848542   -0.02946539  0.04600199
 -0.02946539  0.04600199   -0.02946539  0.04600199   -0.16509157 -0.05848542
    2    1
 -0.16509157  0.05848542    0.02946539  0.04600199   -0.02946539 -0.04600199
  0.02946539  0.04600199   -0.16509157  0.05848542   -0.02946539 -0.04600199
 -0.02946539 -0.04600199   -0.02946539 -0.04600199   -0.16509157  0.05848542
    2    2
  0.23114253  0.00000000    0.02106158  0.00000000   -0.02106158 -0.00000000
  0.02106158  0.00000000    0.23114253  0.00000000   -0.02106158 -0.00000000
 -0.02106158 -0.00000000   -0.02106158 -0.00000000    0.23114253  0.00000000

     Dynamical  Matrix in cartesian axes

     q = (    0.250000000   0.250000000  -0.250000000 ) 

    1    1
  0.23202720  0.00000000    0.02546982  0.00000000   -0.02546982  0.00000000
  0.02546982  0.00000000    0.23202720  0.00000000   -0.02546982  0.00000000
 -0.02546982  0.00000000   -0.02546982  0.00000000    0.23202720  0.00000000
    1    2
 -0.16509157  0.05848542    0.02946539  0.04600199   -0.02946539 -0.04600199
  0.02946539  0.04600199   -0.16509157  0.05848542   -0.02946539 -0.04600199
 -0.02946539 -0.04600199   -0.02946539 -0.04600199   -0.16509157  0.05848542
    2    1
 -0.16509157 -0.05848542    0.02946539 -0.04600199   -0.02946539  0.04600199
  0.02946539 -0.04600199   -0.16509157 -0.05848542   -0.02946539  0.04600199
 -0.02946539  0.04600199   -0.02946539  0.04600199   -0.16509157 -0.05848542
    2    2
  0.23114253 -0.00000000    0.02106158 -0.00000000   -0.02106158  0.00000000
  0.02106158 -0.00000000    0.23114253 -0.00000000   -0.02106158  0.00000000
 -0.02106158  0.00000000   -0.02106158  0.00000000    0.23114253 -0.00000000

     Diagonalizing the dynamical matrix

     q = (   -0.250000000   0.250000000  -0.250000000 ) 

 **************************************************************************
     freq (    1) =       1.761287 [THz] =      58.750206 [cm-1]
 (  0.060172  0.117184  0.502999  0.145597  0.442827  0.028413 ) 
 (  0.069129  0.115731  0.523227  0.115731  0.454098  0.000000 ) 
     freq (    2) =       1.761287 [THz] =      58.750206 [cm-1]
 ( -0.527275 -0.173981 -0.169210 -0.151006  0.358065  0.022975 ) 
 ( -0.549880 -0.143127 -0.182701 -0.143127  0.367179  0.000000 ) 
     freq (    3) =       4.534093 [THz] =     151.241055 [cm-1]
 (  0.204608  0.290045 -0.204608 -0.290045  0.204608  0.290045 ) 
 (  0.455349  0.000000 -0.455349  0.000000  0.455349  0.000000 ) 
     freq (    4) =      11.004846 [THz] =     367.082156 [cm-1]
 (  0.137183  0.652753  0.137183  0.652753  0.000000  0.000000 ) 
 ( -0.062884 -0.226142 -0.062884 -0.226142  0.000000  0.000000 ) 
     freq (    5) =      11.004846 [THz] =     367.082156 [cm-1]
 ( -0.384309 -0.024659  0.384309  0.024659  0.768619  0.049317 ) 
 (  0.135517  0.000000 -0.135517 -0.000000 -0.271034  0.000000 ) 
     freq (    6) =      12.136526 [THz] =     404.830923 [cm-1]
 (  0.320422  0.454218 -0.320422 -0.454218  0.320422  0.454218 ) 
 ( -0.156040 -0.000000  0.156040  0.000000 -0.156040  0.000000 ) 
 **************************************************************************
