Dynamical matrix file
                                                                           
  2    2  2 10.5000000  0.0000000  0.0000000  0.0000000  0.0000000  0.0000000
           1  'Al  '    24590.7656527287     
           2  'As  '    68285.4026205499     
    1    1      0.0000000000      0.0000000000      0.0000000000
    2    2      0.2500000000      0.2500000000      0.2500000000

     Dynamical  Matrix in cartesian axes

     q = (    0.500000000   0.000000000   0.500000000 ) 

    1    1
  0.21971566  0.00000000   -0.00000000 -0.01749238    0.01845901  0.00000000
  0.00000000  0.01749238    0.23138368  0.00000000    0.00000000  0.01749238
  0.01845901  0.00000000   -0.00000000 -0.01749238    0.21971566  0.00000000
    1    2
  0.00000000  0.10684395   -0.07535789  0.00000000    0.00000000 -0.07064962
 -0.09213559  0.00000000    0.00000000  0.10842818   -0.09213559  0.00000000
  0.00000000 -0.07064962   -0.07535789  0.00000000    0.00000000  0.10684395
    2    1
  0.00000000 -0.10684395   -0.09213559  0.00000000    0.00000000  0.07064962
 -0.07535789  0.00000000    0.00000000 -0.10842818   -0.07535789  0.00000000
  0.00000000  0.07064962   -0.09213559 -0.00000000    0.00000000 -0.10684395
    2    2
  0.23486983  0.00000000    0.00000000 -0.01313507    0.02638828  0.00000000
  0.00000000  0.01313507    0.24369267  0.00000000    0.00000000  0.01313507
  0.02638828  0.00000000    0.00000000 -0.01313507    0.23486983  0.00000000

     Dynamical  Matrix in cartesian axes

     q = (   -0.500000000   0.000000000  -0.500000000 ) 

    1    1
  0.21971566 -0.00000000   -0.00000000  0.01749238    0.01845901 -0.00000000
  0.00000000 -0.01749238    0.23138368 -0.00000000    0.00000000 -0.01749238
  0.01845901 -0.00000000   -0.00000000  0.01749238    0.21971566 -0.00000000
    1    2
 -0.00000000 -0.10684395   -0.07535789  0.00000000   -0.00000000  0.07064962
 -0.09213559  0.00000000   -0.00000000 -0.10842818   -0.09213559  0.00000000
 -0.00000000  0.07064962   -0.07535789  0.00000000   -0.00000000 -0.10684395
    2    1
 -0.00000000  0.10684395   -0.09213559  0.00000000   -0.00000000 -0.07064962
 -0.07535789 -0.00000000   -0.00000000  0.10842818   -0.07535789 -0.00000000
 -0.00000000 -0.07064962   -0.09213559  0.00000000   -0.00000000  0.10684395
    2    2
  0.23486983  0.00000000   -0.00000000  0.01313507    0.02638828  0.00000000
 -0.00000000 -0.01313507    0.24369267  0.00000000   -0.00000000 -0.01313507
  0.02638828  0.00000000    0.00000000  0.01313507    0.23486983  0.00000000

     Dynamical  Matrix in cartesian axes

     q = (    0.000000000  -0.500000000   0.500000000 ) 

    1    1
  0.23138368  0.00000000    0.00000000  0.01749238   -0.00000000 -0.01749238
 -0.00000000 -0.01749238    0.21971566  0.00000000   -0.01845901 -0.00000000
  0.00000000  0.01749238   -0.01845901 -0.00000000    0.21971566  0.00000000
    1    2
 -0.10842818  0.00000000    0.00000000 -0.09213559    0.00000000  0.09213559
  0.00000000 -0.07535789   -0.10684395  0.00000000   -0.07064962  0.00000000
  0.00000000  0.07535789   -0.07064962  0.00000000   -0.10684395  0.00000000
    2    1
 -0.10842818  0.00000000    0.00000000  0.07535789   -0.00000000 -0.07535789
  0.00000000  0.09213559   -0.10684395  0.00000000   -0.07064962  0.00000000
  0.00000000 -0.09213559   -0.07064962  0.00000000   -0.10684395  0.00000000
    2    2
  0.24369267  0.00000000    0.00000000  0.01313507   -0.00000000 -0.01313507
  0.00000000 -0.01313507    0.23486983  0.00000000   -0.02638828  0.00000000
 -0.00000000  0.01313507   -0.02638828  0.00000000    0.23486983  0.00000000

     Dynamical  Matrix in cartesian axes

     q = (    0.500000000  -0.500000000   0.000000000 ) 

    1    1
  0.21971566  0.00000000   -0.01845901 -0.00000000    0.00000000  0.01749238
 -0.01845901 -0.00000000    0.21971566  0.00000000    0.00000000 -0.01749238
 -0.00000000 -0.01749238   -0.00000000  0.01749238    0.23138368  0.00000000
    1    2
 -0.10684395  0.00000000   -0.07064962 -0.00000000    0.00000000  0.07535789
 -0.07064962 -0.00000000   -0.10684395  0.00000000    0.00000000 -0.07535789
  0.00000000  0.09213559   -0.00000000 -0.09213559   -0.10842818 -0.00000000
    2    1
 -0.10684395 -0.00000000   -0.07064962  0.00000000    0.00000000 -0.09213559
 -0.07064962  0.00000000   -0.10684395 -0.00000000   -0.00000000  0.09213559
 -0.00000000 -0.07535789    0.00000000  0.07535789   -0.10842818 -0.00000000
    2    2
  0.23486983  0.00000000   -0.02638828  0.00000000   -0.00000000  0.01313507
 -0.02638828  0.00000000    0.23486983  0.00000000    0.00000000 -0.01313507
 -0.00000000 -0.01313507    0.00000000  0.01313507    0.24369267  0.00000000

     Dynamical  Matrix in cartesian axes

     q = (    0.000000000  -0.500000000  -0.500000000 ) 

    1    1
  0.23138368 -0.00000000    0.00000000 -0.01749238   -0.00000000 -0.01749238
 -0.00000000  0.01749238    0.21971566 -0.00000000    0.01845901  0.00000000
  0.00000000  0.01749238    0.01845901  0.00000000    0.21971566 -0.00000000
    1    2
 -0.00000000 -0.10842818   -0.09213559  0.00000000   -0.09213559  0.00000000
 -0.07535789  0.00000000   -0.00000000 -0.10684395    0.00000000  0.07064962
 -0.07535789  0.00000000    0.00000000  0.07064962   -0.00000000 -0.10684395
    2    1
 -0.00000000  0.10842818   -0.07535789 -0.00000000   -0.07535789 -0.00000000
 -0.09213559 -0.00000000   -0.00000000  0.10684395    0.00000000 -0.07064962
 -0.09213559 -0.00000000    0.00000000 -0.07064962   -0.00000000  0.10684395
    2    2
  0.24369267  0.00000000   -0.00000000 -0.01313507   -0.00000000 -0.01313507
 -0.00000000  0.01313507    0.23486983  0.00000000    0.02638828  0.00000000
 -0.00000000  0.01313507    0.02638828  0.00000000    0.23486983  0.00000000

     Dynamical  Matrix in cartesian axes

     q = (   -0.500000000   0.000000000   0.500000000 ) 

    1    1
  0.21971566  0.00000000   -0.00000000 -0.01749238   -0.01845901  0.00000000
 -0.00000000  0.01749238    0.23138368  0.00000000    0.00000000 -0.01749238
 -0.01845901  0.00000000    0.00000000  0.01749238    0.21971566  0.00000000
    1    2
 -0.10684395  0.00000000    0.00000000 -0.07535789   -0.07064962  0.00000000
  0.00000000 -0.09213559   -0.10842818 -0.00000000    0.00000000  0.09213559
 -0.07064962  0.00000000    0.00000000  0.07535789   -0.10684395  0.00000000
    2    1
 -0.10684395  0.00000000    0.00000000  0.09213559   -0.07064962  0.00000000
  0.00000000  0.07535789   -0.10842818  0.00000000    0.00000000 -0.07535789
 -0.07064962  0.00000000    0.00000000 -0.09213559   -0.10684395  0.00000000
    2    2
  0.23486983  0.00000000    0.00000000 -0.01313507   -0.02638828  0.00000000
 -0.00000000  0.01313507    0.24369267  0.00000000   -0.00000000 -0.01313507
 -0.02638828  0.00000000   -0.00000000  0.01313507    0.23486983  0.00000000

     Dynamical  Matrix in cartesian axes

     q = (    0.500000000   0.500000000   0.000000000 ) 

    1    1
  0.21971566 -0.00000000    0.01845901 -0.00000000    0.00000000 -0.01749238
  0.01845901 -0.00000000    0.21971566 -0.00000000    0.00000000 -0.01749238
 -0.00000000  0.01749238   -0.00000000  0.01749238    0.23138368 -0.00000000
    1    2
 -0.00000000  0.10684395    0.00000000 -0.07064962   -0.07535789  0.00000000
  0.00000000 -0.07064962   -0.00000000  0.10684395   -0.07535789 -0.00000000
 -0.09213559  0.00000000   -0.09213559  0.00000000    0.00000000  0.10842818
    2    1
 -0.00000000 -0.10684395    0.00000000  0.07064962   -0.09213559  0.00000000
  0.00000000  0.07064962   -0.00000000 -0.10684395   -0.09213559  0.00000000
 -0.07535789  0.00000000   -0.07535789  0.00000000    0.00000000 -0.10842818
    2    2
  0.23486983  0.00000000    0.02638828  0.00000000    0.00000000 -0.01313507
  0.02638828  0.00000000    0.23486983  0.00000000    0.00000000 -0.01313507
  0.00000000  0.01313507    0.00000000  0.01313507    0.24369267  0.00000000

     Dynamical  Matrix in cartesian axes

     q = (   -0.500000000  -0.500000000   0.000000000 ) 

    1    1
  0.21971566  0.00000000    0.01845901  0.00000000    0.00000000  0.01749238
  0.01845901  0.00000000    0.21971566  0.00000000    0.00000000  0.01749238
 -0.00000000 -0.01749238   -0.00000000 -0.01749238    0.23138368  0.00000000
    1    2
 -0.00000000 -0.10684395    0.00000000  0.07064962   -0.07535789  0.00000000
 -0.00000000  0.07064962   -0.00000000 -0.10684395   -0.07535789  0.00000000
 -0.09213559  0.00000000   -0.09213559  0.00000000   -0.00000000 -0.10842818
    2    1
 -0.00000000  0.10684395    0.00000000 -0.07064962   -0.09213559  0.00000000
 -0.00000000 -0.07064962   -0.00000000  0.10684395   -0.09213559 -0.00000000
 -0.07535789  0.00000000   -0.07535789  0.00000000   -0.00000000  0.10842818
    2    2
  0.23486983  0.00000000    0.02638828  0.00000000   -0.00000000  0.01313507
  0.02638828  0.00000000    0.23486983  0.00000000   -0.00000000  0.01313507
 -0.00000000 -0.01313507   -0.00000000 -0.01313507    0.24369267  0.00000000

     Dynamical  Matrix in cartesian axes

     q = (   -0.500000000   0.500000000   0.000000000 ) 

    1    1
  0.21971566  0.00000000   -0.01845901 -0.00000000    0.00000000 -0.01749238
 -0.01845901 -0.00000000    0.21971566  0.00000000    0.00000000  0.01749238
 -0.00000000  0.01749238    0.00000000 -0.01749238    0.23138368  0.00000000
    1    2
 -0.10684395  0.00000000   -0.07064962 -0.00000000    0.00000000 -0.07535789
 -0.07064962 -0.00000000   -0.10684395  0.00000000    0.00000000  0.07535789
 -0.00000000 -0.09213559    0.00000000  0.09213559   -0.10842818  0.00000000
    2    1
 -0.10684395 -0.00000000   -0.07064962  0.00000000    0.00000000  0.09213559
 -0.07064962  0.00000000   -0.10684395 -0.00000000    0.00000000 -0.09213559
  0.00000000  0.07535789   -0.00000000 -0.07535789   -0.10842818 -0.00000000
    2    2
  0.23486983  0.00000000   -0.02638828  0.00000000   -0.00000000 -0.01313507
 -0.02638828  0.00000000    0.23486983  0.00000000    0.00000000  0.01313507
  0.00000000  0.01313507    0.00000000 -0.01313507    0.24369267  0.00000000

     Dynamical  Matrix in cartesian axes

     q = (    0.500000000   0.000000000  -0.500000000 ) 

    1    1
  0.21971566  0.00000000   -0.00000000  0.01749238   -0.01845901  0.00000000
  0.00000000 -0.01749238    0.23138368 -0.00000000    0.00000000  0.01749238
 -0.01845901  0.00000000   -0.00000000 -0.01749238    0.21971566  0.00000000
    1    2
 -0.10684395  0.00000000    0.00000000  0.07535789   -0.07064962  0.00000000
  0.00000000  0.09213559   -0.10842818  0.00000000   -0.00000000 -0.09213559
 -0.07064962  0.00000000    0.00000000 -0.07535789   -0.10684395  0.00000000
    2    1
 -0.10684395  0.00000000    0.00000000 -0.09213559   -0.07064962  0.00000000
  0.00000000 -0.07535789   -0.10842818  0.00000000    0.00000000  0.07535789
 -0.07064962  0.00000000    0.00000000  0.09213559   -0.10684395  0.00000000
    2    2
  0.23486983  0.00000000   -0.00000000  0.01313507   -0.02638828  0.00000000
 -0.00000000 -0.01313507    0.24369267  0.00000000    0.00000000  0.01313507
 -0.02638828  0.00000000    0.00000000 -0.01313507    0.23486983  0.00000000

     Dynamical  Matrix in cartesian axes

     q = (    0.000000000   0.500000000   0.500000000 ) 

    1    1
  0.23138368  0.00000000   -0.00000000  0.01749238   -0.00000000  0.01749238
 -0.00000000 -0.01749238    0.21971566  0.00000000    0.01845901 -0.00000000
 -0.00000000 -0.01749238    0.01845901 -0.00000000    0.21971566  0.00000000
    1    2
  0.00000000  0.10842818   -0.09213559  0.00000000   -0.09213559  0.00000000
 -0.07535789  0.00000000    0.00000000  0.10684395    0.00000000 -0.07064962
 -0.07535789  0.00000000    0.00000000 -0.07064962    0.00000000  0.10684395
    2    1
  0.00000000 -0.10842818   -0.07535789  0.00000000   -0.07535789  0.00000000
 -0.09213559  0.00000000    0.00000000 -0.10684395    0.00000000  0.07064962
 -0.09213559  0.00000000    0.00000000  0.07064962    0.00000000 -0.10684395
    2    2
  0.24369267  0.00000000   -0.00000000  0.01313507    0.00000000  0.01313507
  0.00000000 -0.01313507    0.23486983  0.00000000    0.02638828  0.00000000
 -0.00000000 -0.01313507    0.02638828  0.00000000    0.23486983  0.00000000

     Dynamical  Matrix in cartesian axes

     q = (    0.000000000   0.500000000  -0.500000000 ) 

    1    1
  0.23138368 -0.00000000    0.00000000 -0.01749238   -0.00000000  0.01749238
 -0.00000000  0.01749238    0.21971566 -0.00000000   -0.01845901  0.00000000
  0.00000000 -0.01749238   -0.01845901  0.00000000    0.21971566 -0.00000000
    1    2
 -0.10842818  0.00000000    0.00000000  0.09213559    0.00000000 -0.09213559
  0.00000000  0.07535789   -0.10684395  0.00000000   -0.07064962  0.00000000
  0.00000000 -0.07535789   -0.07064962  0.00000000   -0.10684395  0.00000000
    2    1
 -0.10842818  0.00000000   -0.00000000 -0.07535789    0.00000000  0.07535789
 -0.00000000 -0.09213559   -0.10684395  0.00000000   -0.07064962  0.00000000
  0.00000000  0.09213559   -0.07064962  0.00000000   -0.10684395  0.00000000
    2    2
  0.24369267  0.00000000   -0.00000000 -0.01313507    0.00000000  0.01313507
 -0.00000000  0.01313507    0.23486983  0.00000000   -0.02638828  0.00000000
  0.00000000 -0.01313507   -0.02638828  0.00000000    0.23486983  0.00000000

     Diagonalizing the dynamical matrix

     q = (    0.500000000   0.000000000   0.500000000 ) 

 **************************************************************************
     freq (    1) =       2.515007 [THz] =      83.891602 [cm-1]
 (  0.000000  0.486951  0.000000 -0.000000  0.000000 -0.486951 ) 
 ( -0.512717 -0.000000  0.000000  0.000000  0.512717  0.000000 ) 
     freq (    2) =       3.825386 [THz] =     127.601133 [cm-1]
 (  0.000000 -0.246634 -0.604979 -0.000000  0.000000 -0.246634 ) 
 ( -0.227393 -0.000000  0.000000 -0.639476 -0.227393  0.000000 ) 
     freq (    3) =       5.425815 [THz] =     180.985692 [cm-1]
 ( -0.000000 -0.268692  0.285665 -0.000000  0.000000 -0.268692 ) 
 (  0.549190 -0.000000  0.000000 -0.413262  0.549190  0.000000 ) 
     freq (    4) =      10.718421 [THz] =     357.528054 [cm-1]
 ( -0.000000  0.653244  0.273926  0.000000 -0.000000  0.653244 ) 
 ( -0.011004 -0.000000  0.000000 -0.266957 -0.011004  0.000000 ) 
     freq (    5) =      10.737645 [THz] =     358.169270 [cm-1]
 ( -0.000000 -0.669056  0.000000  0.000000 -0.000000  0.669056 ) 
 ( -0.228831 -0.000000  0.000000 -0.000000  0.228831  0.000000 ) 
     freq (    6) =      11.302261 [THz] =     377.002862 [cm-1]
 (  0.000000  0.258004 -0.892330 -0.000000  0.000000  0.258004 ) 
 (  0.170757 -0.000000 -0.000000  0.110900  0.170757  0.000000 ) 
 **************************************************************************
