Dynamical matrix file
                                                                           
  2    2  2 10.5000000  0.0000000  0.0000000  0.0000000  0.0000000  0.0000000
           1  'Al  '    24590.7656527287     
           2  'As  '    68285.4026205499     
    1    1      0.0000000000      0.0000000000      0.0000000000
    2    2      0.2500000000      0.2500000000      0.2500000000

     Dynamical  Matrix in cartesian axes

     q = (   -0.250000000   0.250000000  -0.250000000 ) 

    1    1
  0.23202736  0.00000000   -0.02546992  0.00000000    0.02546992  0.00000000
 -0.02546992  0.00000000    0.23202736  0.00000000   -0.02546992  0.00000000
  0.02546992  0.00000000   -0.02546992  0.00000000    0.23202736  0.00000000
    1    2
 -0.16509123 -0.05848510   -0.02946569  0.04600168    0.02946569 -0.04600168
 -0.02946569  0.04600168   -0.16509123 -0.05848510   -0.02946569  0.04600168
  0.02946569 -0.04600168   -0.02946569  0.04600168   -0.16509123 -0.05848510
    2    1
 -0.16509123  0.05848510   -0.02946569 -0.04600168    0.02946569  0.04600168
 -0.02946569 -0.04600168   -0.16509123  0.05848510   -0.02946569 -0.04600168
  0.02946569  0.04600168   -0.02946569 -0.04600168   -0.16509123  0.05848510
    2    2
  0.23114356  0.00000000   -0.02106253 -0.00000000    0.02106253  0.00000000
 -0.02106253 -0.00000000    0.23114356  0.00000000   -0.02106253 -0.00000000
  0.02106253  0.00000000   -0.02106253 -0.00000000    0.23114356  0.00000000

     Dynamical  Matrix in cartesian axes

     q = (    0.250000000  -0.250000000   0.250000000 ) 

    1    1
  0.23202736  0.00000000   -0.02546992  0.00000000    0.02546992  0.00000000
 -0.02546992  0.00000000    0.23202736  0.00000000   -0.02546992  0.00000000
  0.02546992  0.00000000   -0.02546992  0.00000000    0.23202736  0.00000000
    1    2
 -0.16509123  0.05848510   -0.02946569 -0.04600168    0.02946569  0.04600168
 -0.02946569 -0.04600168   -0.16509123  0.05848510   -0.02946569 -0.04600168
  0.02946569  0.04600168   -0.02946569 -0.04600168   -0.16509123  0.05848510
    2    1
 -0.16509123 -0.05848510   -0.02946569  0.04600168    0.02946569 -0.04600168
 -0.02946569  0.04600168   -0.16509123 -0.05848510   -0.02946569  0.04600168
  0.02946569 -0.04600168   -0.02946569  0.04600168   -0.16509123 -0.05848510
    2    2
  0.23114356 -0.00000000   -0.02106253  0.00000000    0.02106253 -0.00000000
 -0.02106253  0.00000000    0.23114356 -0.00000000   -0.02106253  0.00000000
  0.02106253 -0.00000000   -0.02106253  0.00000000    0.23114356 -0.00000000

     Dynamical  Matrix in cartesian axes

     q = (    0.250000000   0.250000000   0.250000000 ) 

    1    1
  0.23202736  0.00000000    0.02546992  0.00000000    0.02546992  0.00000000
  0.02546992  0.00000000    0.23202736  0.00000000    0.02546992  0.00000000
  0.02546992  0.00000000    0.02546992  0.00000000    0.23202736  0.00000000
    1    2
 -0.05848510  0.16509123   -0.04600168 -0.02946569   -0.04600168 -0.02946569
 -0.04600168 -0.02946569   -0.05848510  0.16509123   -0.04600168 -0.02946569
 -0.04600168 -0.02946569   -0.04600168 -0.02946569   -0.05848510  0.16509123
    2    1
 -0.05848510 -0.16509123   -0.04600168  0.02946569   -0.04600168  0.02946569
 -0.04600168  0.02946569   -0.05848510 -0.16509123   -0.04600168  0.02946569
 -0.04600168  0.02946569   -0.04600168  0.02946569   -0.05848510 -0.16509123
    2    2
  0.23114356  0.00000000    0.02106253  0.00000000    0.02106253  0.00000000
  0.02106253  0.00000000    0.23114356  0.00000000    0.02106253  0.00000000
  0.02106253  0.00000000    0.02106253  0.00000000    0.23114356  0.00000000

     Dynamical  Matrix in cartesian axes

     q = (   -0.250000000  -0.250000000  -0.250000000 ) 

    1    1
  0.23202736  0.00000000    0.02546992  0.00000000    0.02546992  0.00000000
  0.02546992  0.00000000    0.23202736  0.00000000    0.02546992  0.00000000
  0.02546992  0.00000000    0.02546992  0.00000000    0.23202736  0.00000000
    1    2
 -0.05848510 -0.16509123   -0.04600168  0.02946569   -0.04600168  0.02946569
 -0.04600168  0.02946569   -0.05848510 -0.16509123   -0.04600168  0.02946569
 -0.04600168  0.02946569   -0.04600168  0.02946569   -0.05848510 -0.16509123
    2    1
 -0.05848510  0.16509123   -0.04600168 -0.02946569   -0.04600168 -0.02946569
 -0.04600168 -0.02946569   -0.05848510  0.16509123   -0.04600168 -0.02946569
 -0.04600168 -0.02946569   -0.04600168 -0.02946569   -0.05848510  0.16509123
    2    2
  0.23114356 -0.00000000    0.02106253 -0.00000000    0.02106253 -0.00000000
  0.02106253 -0.00000000    0.23114356 -0.00000000    0.02106253 -0.00000000
  0.02106253 -0.00000000    0.02106253 -0.00000000    0.23114356 -0.00000000

     Dynamical  Matrix in cartesian axes

     q = (    0.250000000  -0.250000000  -0.250000000 ) 

    1    1
  0.23202736  0.00000000   -0.02546992  0.00000000   -0.02546992  0.00000000
 -0.02546992  0.00000000    0.23202736  0.00000000    0.02546992  0.00000000
 -0.02546992  0.00000000    0.02546992  0.00000000    0.23202736  0.00000000
    1    2
 -0.16509123 -0.05848510   -0.02946569  0.04600168   -0.02946569  0.04600168
 -0.02946569  0.04600168   -0.16509123 -0.05848510    0.02946569 -0.04600168
 -0.02946569  0.04600168    0.02946569 -0.04600168   -0.16509123 -0.05848510
    2    1
 -0.16509123  0.05848510   -0.02946569 -0.04600168   -0.02946569 -0.04600168
 -0.02946569 -0.04600168   -0.16509123  0.05848510    0.02946569  0.04600168
 -0.02946569 -0.04600168    0.02946569  0.04600168   -0.16509123  0.05848510
    2    2
  0.23114356  0.00000000   -0.02106253 -0.00000000   -0.02106253 -0.00000000
 -0.02106253 -0.00000000    0.23114356  0.00000000    0.02106253  0.00000000
 -0.02106253 -0.00000000    0.02106253  0.00000000    0.23114356  0.00000000

     Dynamical  Matrix in cartesian axes

     q = (   -0.250000000   0.250000000   0.250000000 ) 

    1    1
  0.23202736  0.00000000   -0.02546992  0.00000000   -0.02546992  0.00000000
 -0.02546992  0.00000000    0.23202736  0.00000000    0.02546992  0.00000000
 -0.02546992  0.00000000    0.02546992  0.00000000    0.23202736  0.00000000
    1    2
 -0.16509123  0.05848510   -0.02946569 -0.04600168   -0.02946569 -0.04600168
 -0.02946569 -0.04600168   -0.16509123  0.05848510    0.02946569  0.04600168
 -0.02946569 -0.04600168    0.02946569  0.04600168   -0.16509123  0.05848510
    2    1
 -0.16509123 -0.05848510   -0.02946569  0.04600168   -0.02946569  0.04600168
 -0.02946569  0.04600168   -0.16509123 -0.05848510    0.02946569 -0.04600168
 -0.02946569  0.04600168    0.02946569 -0.04600168   -0.16509123 -0.05848510
    2    2
  0.23114356 -0.00000000   -0.02106253  0.00000000   -0.02106253  0.00000000
 -0.02106253  0.00000000    0.23114356 -0.00000000    0.02106253 -0.00000000
 -0.02106253  0.00000000    0.02106253 -0.00000000    0.23114356 -0.00000000

     Dynamical  Matrix in cartesian axes

     q = (   -0.250000000  -0.250000000   0.250000000 ) 

    1    1
  0.23202736  0.00000000    0.02546992  0.00000000   -0.02546992  0.00000000
  0.02546992  0.00000000    0.23202736  0.00000000   -0.02546992  0.00000000
 -0.02546992  0.00000000   -0.02546992  0.00000000    0.23202736  0.00000000
    1    2
 -0.16509123 -0.05848510    0.02946569 -0.04600168   -0.02946569  0.04600168
  0.02946569 -0.04600168   -0.16509123 -0.05848510   -0.02946569  0.04600168
 -0.02946569  0.04600168   -0.02946569  0.04600168   -0.16509123 -0.05848510
    2    1
 -0.16509123  0.05848510    0.02946569  0.04600168   -0.02946569 -0.04600168
  0.02946569  0.04600168   -0.16509123  0.05848510   -0.02946569 -0.04600168
 -0.02946569 -0.04600168   -0.02946569 -0.04600168   -0.16509123  0.05848510
    2    2
  0.23114356  0.00000000    0.02106253  0.00000000   -0.02106253 -0.00000000
  0.02106253  0.00000000    0.23114356  0.00000000   -0.02106253 -0.00000000
 -0.02106253 -0.00000000   -0.02106253 -0.00000000    0.23114356  0.00000000

     Dynamical  Matrix in cartesian axes

     q = (    0.250000000   0.250000000  -0.250000000 ) 

    1    1
  0.23202736  0.00000000    0.02546992  0.00000000   -0.02546992  0.00000000
  0.02546992  0.00000000    0.23202736  0.00000000   -0.02546992  0.00000000
 -0.02546992  0.00000000   -0.02546992  0.00000000    0.23202736  0.00000000
    1    2
 -0.16509123  0.05848510    0.02946569  0.04600168   -0.02946569 -0.04600168
  0.02946569  0.04600168   -0.16509123  0.05848510   -0.02946569 -0.04600168
 -0.02946569 -0.04600168   -0.02946569 -0.04600168   -0.16509123  0.05848510
    2    1
 -0.16509123 -0.05848510    0.02946569 -0.04600168   -0.02946569  0.04600168
  0.02946569 -0.04600168   -0.16509123 -0.05848510   -0.02946569  0.04600168
 -0.02946569  0.04600168   -0.02946569  0.04600168   -0.16509123 -0.05848510
    2    2
  0.23114356 -0.00000000    0.02106253 -0.00000000   -0.02106253  0.00000000
  0.02106253 -0.00000000    0.23114356 -0.00000000   -0.02106253  0.00000000
 -0.02106253  0.00000000   -0.02106253  0.00000000    0.23114356 -0.00000000

     Diagonalizing the dynamical matrix

     q = (   -0.250000000   0.250000000  -0.250000000 ) 

 **************************************************************************
     freq (    1) =       1.761294 [THz] =      58.750457 [cm-1]
 (  0.387406  0.020361 -0.167835 -0.015266 -0.555241 -0.035626 ) 
 (  0.396973 -0.004592 -0.172401 -0.004592 -0.569374  0.000000 ) 
     freq (    2) =       1.761294 [THz] =      58.750457 [cm-1]
 (  0.418440  0.007118  0.544984  0.015237  0.126544  0.008119 ) 
 (  0.427798 -0.020150  0.557563 -0.020150  0.129765  0.000000 ) 
     freq (    3) =       4.534167 [THz] =     151.243539 [cm-1]
 (  0.204608  0.290044 -0.204608 -0.290044  0.204608  0.290044 ) 
 (  0.455350  0.000000 -0.455350 -0.000000  0.455350  0.000000 ) 
     freq (    4) =      11.004847 [THz] =     367.082178 [cm-1]
 (  0.553207 -0.261959  0.662005 -0.254978  0.108797  0.006981 ) 
 ( -0.188372  0.104460 -0.226737  0.104460 -0.038365  0.000000 ) 
     freq (    5) =      11.004847 [THz] =     367.082178 [cm-1]
 (  0.467321 -0.012548 -0.293559 -0.061368 -0.760880 -0.048821 ) 
 ( -0.163830  0.014937  0.104474  0.014937  0.268305  0.000000 ) 
     freq (    6) =      12.136524 [THz] =     404.830850 [cm-1]
 ( -0.320422 -0.454219  0.320422  0.454219 -0.320422 -0.454219 ) 
 (  0.156040  0.000000 -0.156040 -0.000000  0.156040  0.000000 ) 
 **************************************************************************
