Dynamical matrix file
                                                                           
  2    2  2 10.5000000  0.0000000  0.0000000  0.0000000  0.0000000  0.0000000
           1  'Al  '    24590.7656527287     
           2  'As  '    68285.4026205499     
    1    1      0.0000000000      0.0000000000      0.0000000000
    2    2      0.2500000000      0.2500000000      0.2500000000

     Dynamical  Matrix in cartesian axes

     q = (   -0.250000000   0.250000000  -0.250000000 ) 

    1    1
  0.23202736  0.00000000   -0.02546992 -0.00000000    0.02546992  0.00000000
 -0.02546992 -0.00000000    0.23202736  0.00000000   -0.02546992 -0.00000000
  0.02546992  0.00000000   -0.02546992 -0.00000000    0.23202736  0.00000000
    1    2
 -0.16509123 -0.05848510   -0.02946569  0.04600168    0.02946569 -0.04600168
 -0.02946569  0.04600168   -0.16509123 -0.05848510   -0.02946569  0.04600168
  0.02946569 -0.04600168   -0.02946569  0.04600168   -0.16509123 -0.05848510
    2    1
 -0.16509123  0.05848510   -0.02946569 -0.04600168    0.02946569  0.04600168
 -0.02946569 -0.04600168   -0.16509123  0.05848510   -0.02946569 -0.04600168
  0.02946569  0.04600168   -0.02946569 -0.04600168   -0.16509123  0.05848510
    2    2
  0.23114356  0.00000000   -0.02106253 -0.00000000    0.02106253  0.00000000
 -0.02106253 -0.00000000    0.23114356  0.00000000   -0.02106253 -0.00000000
  0.02106253  0.00000000   -0.02106253 -0.00000000    0.23114356  0.00000000

     Dynamical  Matrix in cartesian axes

     q = (    0.250000000  -0.250000000   0.250000000 ) 

    1    1
  0.23202736 -0.00000000   -0.02546992  0.00000000    0.02546992 -0.00000000
 -0.02546992  0.00000000    0.23202736 -0.00000000   -0.02546992  0.00000000
  0.02546992 -0.00000000   -0.02546992  0.00000000    0.23202736 -0.00000000
    1    2
 -0.16509123  0.05848510   -0.02946569 -0.04600168    0.02946569  0.04600168
 -0.02946569 -0.04600168   -0.16509123  0.05848510   -0.02946569 -0.04600168
  0.02946569  0.04600168   -0.02946569 -0.04600168   -0.16509123  0.05848510
    2    1
 -0.16509123 -0.05848510   -0.02946569  0.04600168    0.02946569 -0.04600168
 -0.02946569  0.04600168   -0.16509123 -0.05848510   -0.02946569  0.04600168
  0.02946569 -0.04600168   -0.02946569  0.04600168   -0.16509123 -0.05848510
    2    2
  0.23114356 -0.00000000   -0.02106253  0.00000000    0.02106253 -0.00000000
 -0.02106253  0.00000000    0.23114356 -0.00000000   -0.02106253  0.00000000
  0.02106253 -0.00000000   -0.02106253  0.00000000    0.23114356 -0.00000000

     Dynamical  Matrix in cartesian axes

     q = (    0.250000000   0.250000000   0.250000000 ) 

    1    1
  0.23202736  0.00000000    0.02546992  0.00000000    0.02546992  0.00000000
  0.02546992  0.00000000    0.23202736  0.00000000    0.02546992  0.00000000
  0.02546992  0.00000000    0.02546992  0.00000000    0.23202736  0.00000000
    1    2
 -0.05848510  0.16509123   -0.04600168 -0.02946569   -0.04600168 -0.02946569
 -0.04600168 -0.02946569   -0.05848510  0.16509123   -0.04600168 -0.02946569
 -0.04600168 -0.02946569   -0.04600168 -0.02946569   -0.05848510  0.16509123
    2    1
 -0.05848510 -0.16509123   -0.04600168  0.02946569   -0.04600168  0.02946569
 -0.04600168  0.02946569   -0.05848510 -0.16509123   -0.04600168  0.02946569
 -0.04600168  0.02946569   -0.04600168  0.02946569   -0.05848510 -0.16509123
    2    2
  0.23114356  0.00000000    0.02106253  0.00000000    0.02106253  0.00000000
  0.02106253  0.00000000    0.23114356  0.00000000    0.02106253  0.00000000
  0.02106253  0.00000000    0.02106253  0.00000000    0.23114356  0.00000000

     Dynamical  Matrix in cartesian axes

     q = (   -0.250000000  -0.250000000  -0.250000000 ) 

    1    1
  0.23202736 -0.00000000    0.02546992 -0.00000000    0.02546992 -0.00000000
  0.02546992 -0.00000000    0.23202736 -0.00000000    0.02546992 -0.00000000
  0.02546992 -0.00000000    0.02546992 -0.00000000    0.23202736 -0.00000000
    1    2
 -0.05848510 -0.16509123   -0.04600168  0.02946569   -0.04600168  0.02946569
 -0.04600168  0.02946569   -0.05848510 -0.16509123   -0.04600168  0.02946569
 -0.04600168  0.02946569   -0.04600168  0.02946569   -0.05848510 -0.16509123
    2    1
 -0.05848510  0.16509123   -0.04600168 -0.02946569   -0.04600168 -0.02946569
 -0.04600168 -0.02946569   -0.05848510  0.16509123   -0.04600168 -0.02946569
 -0.04600168 -0.02946569   -0.04600168 -0.02946569   -0.05848510  0.16509123
    2    2
  0.23114356 -0.00000000    0.02106253 -0.00000000    0.02106253 -0.00000000
  0.02106253 -0.00000000    0.23114356 -0.00000000    0.02106253 -0.00000000
  0.02106253 -0.00000000    0.02106253 -0.00000000    0.23114356 -0.00000000

     Dynamical  Matrix in cartesian axes

     q = (    0.250000000  -0.250000000  -0.250000000 ) 

    1    1
  0.23202736  0.00000000   -0.02546992 -0.00000000   -0.02546992 -0.00000000
 -0.02546992 -0.00000000    0.23202736  0.00000000    0.02546992  0.00000000
 -0.02546992 -0.00000000    0.02546992  0.00000000    0.23202736  0.00000000
    1    2
 -0.16509123 -0.05848510   -0.02946569  0.04600168   -0.02946569  0.04600168
 -0.02946569  0.04600168   -0.16509123 -0.05848510    0.02946569 -0.04600168
 -0.02946569  0.04600168    0.02946569 -0.04600168   -0.16509123 -0.05848510
    2    1
 -0.16509123  0.05848510   -0.02946569 -0.04600168   -0.02946569 -0.04600168
 -0.02946569 -0.04600168   -0.16509123  0.05848510    0.02946569  0.04600168
 -0.02946569 -0.04600168    0.02946569  0.04600168   -0.16509123  0.05848510
    2    2
  0.23114356  0.00000000   -0.02106253 -0.00000000   -0.02106253 -0.00000000
 -0.02106253 -0.00000000    0.23114356  0.00000000    0.02106253  0.00000000
 -0.02106253 -0.00000000    0.02106253  0.00000000    0.23114356  0.00000000

     Dynamical  Matrix in cartesian axes

     q = (   -0.250000000   0.250000000   0.250000000 ) 

    1    1
  0.23202736 -0.00000000   -0.02546992  0.00000000   -0.02546992  0.00000000
 -0.02546992  0.00000000    0.23202736 -0.00000000    0.02546992 -0.00000000
 -0.02546992  0.00000000    0.02546992 -0.00000000    0.23202736 -0.00000000
    1    2
 -0.16509123  0.05848510   -0.02946569 -0.04600168   -0.02946569 -0.04600168
 -0.02946569 -0.04600168   -0.16509123  0.05848510    0.02946569  0.04600168
 -0.02946569 -0.04600168    0.02946569  0.04600168   -0.16509123  0.05848510
    2    1
 -0.16509123 -0.05848510   -0.02946569  0.04600168   -0.02946569  0.04600168
 -0.02946569  0.04600168   -0.16509123 -0.05848510    0.02946569 -0.04600168
 -0.02946569  0.04600168    0.02946569 -0.04600168   -0.16509123 -0.05848510
    2    2
  0.23114356 -0.00000000   -0.02106253  0.00000000   -0.02106253  0.00000000
 -0.02106253  0.00000000    0.23114356 -0.00000000    0.02106253 -0.00000000
 -0.02106253  0.00000000    0.02106253 -0.00000000    0.23114356 -0.00000000

     Dynamical  Matrix in cartesian axes

     q = (   -0.250000000  -0.250000000   0.250000000 ) 

    1    1
  0.23202736  0.00000000    0.02546992  0.00000000   -0.02546992 -0.00000000
  0.02546992  0.00000000    0.23202736  0.00000000   -0.02546992 -0.00000000
 -0.02546992 -0.00000000   -0.02546992 -0.00000000    0.23202736  0.00000000
    1    2
 -0.16509123 -0.05848510    0.02946569 -0.04600168   -0.02946569  0.04600168
  0.02946569 -0.04600168   -0.16509123 -0.05848510   -0.02946569  0.04600168
 -0.02946569  0.04600168   -0.02946569  0.04600168   -0.16509123 -0.05848510
    2    1
 -0.16509123  0.05848510    0.02946569  0.04600168   -0.02946569 -0.04600168
  0.02946569  0.04600168   -0.16509123  0.05848510   -0.02946569 -0.04600168
 -0.02946569 -0.04600168   -0.02946569 -0.04600168   -0.16509123  0.05848510
    2    2
  0.23114356  0.00000000    0.02106253  0.00000000   -0.02106253 -0.00000000
  0.02106253  0.00000000    0.23114356  0.00000000   -0.02106253 -0.00000000
 -0.02106253 -0.00000000   -0.02106253 -0.00000000    0.23114356  0.00000000

     Dynamical  Matrix in cartesian axes

     q = (    0.250000000   0.250000000  -0.250000000 ) 

    1    1
  0.23202736 -0.00000000    0.02546992 -0.00000000   -0.02546992  0.00000000
  0.02546992 -0.00000000    0.23202736 -0.00000000   -0.02546992  0.00000000
 -0.02546992  0.00000000   -0.02546992  0.00000000    0.23202736 -0.00000000
    1    2
 -0.16509123  0.05848510    0.02946569  0.04600168   -0.02946569 -0.04600168
  0.02946569  0.04600168   -0.16509123  0.05848510   -0.02946569 -0.04600168
 -0.02946569 -0.04600168   -0.02946569 -0.04600168   -0.16509123  0.05848510
    2    1
 -0.16509123 -0.05848510    0.02946569 -0.04600168   -0.02946569  0.04600168
  0.02946569 -0.04600168   -0.16509123 -0.05848510   -0.02946569  0.04600168
 -0.02946569  0.04600168   -0.02946569  0.04600168   -0.16509123 -0.05848510
    2    2
  0.23114356 -0.00000000    0.02106253 -0.00000000   -0.02106253  0.00000000
  0.02106253 -0.00000000    0.23114356 -0.00000000   -0.02106253  0.00000000
 -0.02106253  0.00000000   -0.02106253  0.00000000    0.23114356 -0.00000000

     Diagonalizing the dynamical matrix

     q = (   -0.250000000   0.250000000  -0.250000000 ) 

 **************************************************************************
     freq (    1) =       1.761294 [THz] =      58.750457 [cm-1]
 (  0.310982 -0.005428 -0.256993 -0.041871 -0.567975 -0.036443 ) 
 (  0.317234 -0.025921 -0.265198 -0.025921 -0.582432  0.000000 ) 
     freq (    2) =       1.761294 [THz] =      58.750457 [cm-1]
 ( -0.350059  0.326129 -0.391415  0.323476 -0.041356 -0.002654 ) 
 ( -0.336128  0.355998 -0.378536  0.355998 -0.042409  0.000000 ) 
     freq (    3) =       4.534167 [THz] =     151.243539 [cm-1]
 ( -0.204608 -0.290044  0.204608  0.290044 -0.204608 -0.290044 ) 
 ( -0.455350  0.000000  0.455350  0.000000 -0.455350  0.000000 ) 
     freq (    4) =      11.004847 [THz] =     367.082178 [cm-1]
 ( -0.416601  0.084527  0.340451  0.133102  0.757052  0.048575 ) 
 (  0.144397 -0.039071 -0.122558 -0.039071 -0.266955  0.000000 ) 
     freq (    5) =      11.004847 [THz] =     367.082178 [cm-1]
 (  0.150558 -0.624371  0.283402 -0.615847  0.132844  0.008524 ) 
 ( -0.038804  0.222658 -0.085648  0.222658 -0.046844  0.000000 ) 
     freq (    6) =      12.136524 [THz] =     404.830850 [cm-1]
 (  0.320422  0.454219 -0.320422 -0.454219  0.320422  0.454219 ) 
 ( -0.156040 -0.000000  0.156040  0.000000 -0.156040  0.000000 ) 
 **************************************************************************
