Dynamical matrix file
                                                                           
  2    2  2 10.5000000  0.0000000  0.0000000  0.0000000  0.0000000  0.0000000
           1  'Al  '    24590.7656527287     
           2  'As  '    68285.4026205499     
    1    1      0.0000000000      0.0000000000      0.0000000000
    2    2      0.2500000000      0.2500000000      0.2500000000

     Dynamical  Matrix in cartesian axes

     q = (   -0.250000000   0.250000000  -0.250000000 ) 

    1    1
  0.23202720  0.00000000   -0.02546982 -0.00000000    0.02546982  0.00000000
 -0.02546982 -0.00000000    0.23202720  0.00000000   -0.02546982 -0.00000000
  0.02546982  0.00000000   -0.02546982 -0.00000000    0.23202720  0.00000000
    1    2
 -0.16509157 -0.05848542   -0.02946539  0.04600199    0.02946539 -0.04600199
 -0.02946539  0.04600199   -0.16509157 -0.05848542   -0.02946539  0.04600199
  0.02946539 -0.04600199   -0.02946539  0.04600199   -0.16509157 -0.05848542
    2    1
 -0.16509157  0.05848542   -0.02946539 -0.04600199    0.02946539  0.04600199
 -0.02946539 -0.04600199   -0.16509157  0.05848542   -0.02946539 -0.04600199
  0.02946539  0.04600199   -0.02946539 -0.04600199   -0.16509157  0.05848542
    2    2
  0.23114253 -0.00000000   -0.02106158  0.00000000    0.02106158 -0.00000000
 -0.02106158  0.00000000    0.23114253 -0.00000000   -0.02106158  0.00000000
  0.02106158 -0.00000000   -0.02106158  0.00000000    0.23114253 -0.00000000

     Dynamical  Matrix in cartesian axes

     q = (    0.250000000  -0.250000000   0.250000000 ) 

    1    1
  0.23202720 -0.00000000   -0.02546982  0.00000000    0.02546982 -0.00000000
 -0.02546982  0.00000000    0.23202720 -0.00000000   -0.02546982  0.00000000
  0.02546982 -0.00000000   -0.02546982  0.00000000    0.23202720 -0.00000000
    1    2
 -0.16509157  0.05848542   -0.02946539 -0.04600199    0.02946539  0.04600199
 -0.02946539 -0.04600199   -0.16509157  0.05848542   -0.02946539 -0.04600199
  0.02946539  0.04600199   -0.02946539 -0.04600199   -0.16509157  0.05848542
    2    1
 -0.16509157 -0.05848542   -0.02946539  0.04600199    0.02946539 -0.04600199
 -0.02946539  0.04600199   -0.16509157 -0.05848542   -0.02946539  0.04600199
  0.02946539 -0.04600199   -0.02946539  0.04600199   -0.16509157 -0.05848542
    2    2
  0.23114253  0.00000000   -0.02106158 -0.00000000    0.02106158  0.00000000
 -0.02106158 -0.00000000    0.23114253  0.00000000   -0.02106158 -0.00000000
  0.02106158  0.00000000   -0.02106158 -0.00000000    0.23114253  0.00000000

     Dynamical  Matrix in cartesian axes

     q = (    0.250000000   0.250000000   0.250000000 ) 

    1    1
  0.23202720  0.00000000    0.02546982  0.00000000    0.02546982  0.00000000
  0.02546982  0.00000000    0.23202720  0.00000000    0.02546982  0.00000000
  0.02546982  0.00000000    0.02546982  0.00000000    0.23202720  0.00000000
    1    2
 -0.05848542  0.16509157   -0.04600199 -0.02946539   -0.04600199 -0.02946539
 -0.04600199 -0.02946539   -0.05848542  0.16509157   -0.04600199 -0.02946539
 -0.04600199 -0.02946539   -0.04600199 -0.02946539   -0.05848542  0.16509157
    2    1
 -0.05848542 -0.16509157   -0.04600199  0.02946539   -0.04600199  0.02946539
 -0.04600199  0.02946539   -0.05848542 -0.16509157   -0.04600199  0.02946539
 -0.04600199  0.02946539   -0.04600199  0.02946539   -0.05848542 -0.16509157
    2    2
  0.23114253 -0.00000000    0.02106158 -0.00000000    0.02106158 -0.00000000
  0.02106158 -0.00000000    0.23114253 -0.00000000    0.02106158 -0.00000000
  0.02106158 -0.00000000    0.02106158 -0.00000000    0.23114253 -0.00000000

     Dynamical  Matrix in cartesian axes

     q = (   -0.250000000  -0.250000000  -0.250000000 ) 

    1    1
  0.23202720 -0.00000000    0.02546982 -0.00000000    0.02546982 -0.00000000
  0.02546982 -0.00000000    0.23202720 -0.00000000    0.02546982 -0.00000000
  0.02546982 -0.00000000    0.02546982 -0.00000000    0.23202720 -0.00000000
    1    2
 -0.05848542 -0.16509157   -0.04600199  0.02946539   -0.04600199  0.02946539
 -0.04600199  0.02946539   -0.05848542 -0.16509157   -0.04600199  0.02946539
 -0.04600199  0.02946539   -0.04600199  0.02946539   -0.05848542 -0.16509157
    2    1
 -0.05848542  0.16509157   -0.04600199 -0.02946539   -0.04600199 -0.02946539
 -0.04600199 -0.02946539   -0.05848542  0.16509157   -0.04600199 -0.02946539
 -0.04600199 -0.02946539   -0.04600199 -0.02946539   -0.05848542  0.16509157
    2    2
  0.23114253  0.00000000    0.02106158  0.00000000    0.02106158  0.00000000
  0.02106158  0.00000000    0.23114253  0.00000000    0.02106158  0.00000000
  0.02106158  0.00000000    0.02106158  0.00000000    0.23114253  0.00000000

     Dynamical  Matrix in cartesian axes

     q = (    0.250000000  -0.250000000  -0.250000000 ) 

    1    1
  0.23202720  0.00000000   -0.02546982 -0.00000000   -0.02546982 -0.00000000
 -0.02546982 -0.00000000    0.23202720  0.00000000    0.02546982  0.00000000
 -0.02546982 -0.00000000    0.02546982  0.00000000    0.23202720  0.00000000
    1    2
 -0.16509157 -0.05848542   -0.02946539  0.04600199   -0.02946539  0.04600199
 -0.02946539  0.04600199   -0.16509157 -0.05848542    0.02946539 -0.04600199
 -0.02946539  0.04600199    0.02946539 -0.04600199   -0.16509157 -0.05848542
    2    1
 -0.16509157  0.05848542   -0.02946539 -0.04600199   -0.02946539 -0.04600199
 -0.02946539 -0.04600199   -0.16509157  0.05848542    0.02946539  0.04600199
 -0.02946539 -0.04600199    0.02946539  0.04600199   -0.16509157  0.05848542
    2    2
  0.23114253 -0.00000000   -0.02106158  0.00000000   -0.02106158  0.00000000
 -0.02106158  0.00000000    0.23114253 -0.00000000    0.02106158 -0.00000000
 -0.02106158  0.00000000    0.02106158 -0.00000000    0.23114253 -0.00000000

     Dynamical  Matrix in cartesian axes

     q = (   -0.250000000   0.250000000   0.250000000 ) 

    1    1
  0.23202720 -0.00000000   -0.02546982  0.00000000   -0.02546982  0.00000000
 -0.02546982  0.00000000    0.23202720 -0.00000000    0.02546982 -0.00000000
 -0.02546982  0.00000000    0.02546982 -0.00000000    0.23202720 -0.00000000
    1    2
 -0.16509157  0.05848542   -0.02946539 -0.04600199   -0.02946539 -0.04600199
 -0.02946539 -0.04600199   -0.16509157  0.05848542    0.02946539  0.04600199
 -0.02946539 -0.04600199    0.02946539  0.04600199   -0.16509157  0.05848542
    2    1
 -0.16509157 -0.05848542   -0.02946539  0.04600199   -0.02946539  0.04600199
 -0.02946539  0.04600199   -0.16509157 -0.05848542    0.02946539 -0.04600199
 -0.02946539  0.04600199    0.02946539 -0.04600199   -0.16509157 -0.05848542
    2    2
  0.23114253  0.00000000   -0.02106158 -0.00000000   -0.02106158 -0.00000000
 -0.02106158 -0.00000000    0.23114253  0.00000000    0.02106158  0.00000000
 -0.02106158 -0.00000000    0.02106158  0.00000000    0.23114253  0.00000000

     Dynamical  Matrix in cartesian axes

     q = (   -0.250000000  -0.250000000   0.250000000 ) 

    1    1
  0.23202720  0.00000000    0.02546982  0.00000000   -0.02546982 -0.00000000
  0.02546982  0.00000000    0.23202720  0.00000000   -0.02546982 -0.00000000
 -0.02546982 -0.00000000   -0.02546982 -0.00000000    0.23202720  0.00000000
    1    2
 -0.16509157 -0.05848542    0.02946539 -0.04600199   -0.02946539  0.04600199
  0.02946539 -0.04600199   -0.16509157 -0.05848542   -0.02946539  0.04600199
 -0.02946539  0.04600199   -0.02946539  0.04600199   -0.16509157 -0.05848542
    2    1
 -0.16509157  0.05848542    0.02946539  0.04600199   -0.02946539 -0.04600199
  0.02946539  0.04600199   -0.16509157  0.05848542   -0.02946539 -0.04600199
 -0.02946539 -0.04600199   -0.02946539 -0.04600199   -0.16509157  0.05848542
    2    2
  0.23114253 -0.00000000    0.02106158 -0.00000000   -0.02106158  0.00000000
  0.02106158 -0.00000000    0.23114253 -0.00000000   -0.02106158  0.00000000
 -0.02106158  0.00000000   -0.02106158  0.00000000    0.23114253 -0.00000000

     Dynamical  Matrix in cartesian axes

     q = (    0.250000000   0.250000000  -0.250000000 ) 

    1    1
  0.23202720 -0.00000000    0.02546982 -0.00000000   -0.02546982  0.00000000
  0.02546982 -0.00000000    0.23202720 -0.00000000   -0.02546982  0.00000000
 -0.02546982  0.00000000   -0.02546982  0.00000000    0.23202720 -0.00000000
    1    2
 -0.16509157  0.05848542    0.02946539  0.04600199   -0.02946539 -0.04600199
  0.02946539  0.04600199   -0.16509157  0.05848542   -0.02946539 -0.04600199
 -0.02946539 -0.04600199   -0.02946539 -0.04600199   -0.16509157  0.05848542
    2    1
 -0.16509157 -0.05848542    0.02946539 -0.04600199   -0.02946539  0.04600199
  0.02946539 -0.04600199   -0.16509157 -0.05848542   -0.02946539  0.04600199
 -0.02946539  0.04600199   -0.02946539  0.04600199   -0.16509157 -0.05848542
    2    2
  0.23114253  0.00000000    0.02106158  0.00000000   -0.02106158 -0.00000000
  0.02106158  0.00000000    0.23114253  0.00000000   -0.02106158 -0.00000000
 -0.02106158 -0.00000000   -0.02106158 -0.00000000    0.23114253  0.00000000

     Diagonalizing the dynamical matrix

     q = (   -0.250000000   0.250000000  -0.250000000 ) 

 **************************************************************************
     freq (    1) =       1.761287 [THz] =      58.750206 [cm-1]
 (  0.127529 -0.109458  0.535178 -0.083302  0.407649  0.026156 ) 
 (  0.123067 -0.120141  0.541092 -0.120141  0.418025  0.000000 ) 
     freq (    2) =       1.761287 [THz] =      58.750206 [cm-1]
 ( -0.538510  0.086045 -0.140856  0.111560  0.397653  0.025515 ) 
 ( -0.544314  0.123161 -0.136539  0.123161  0.407775  0.000000 ) 
     freq (    3) =       4.534093 [THz] =     151.241055 [cm-1]
 ( -0.204608 -0.290045  0.204608  0.290045 -0.204608 -0.290045 ) 
 ( -0.455349 -0.000000  0.455349  0.000000 -0.455349  0.000000 ) 
     freq (    4) =      11.004846 [THz] =     367.082156 [cm-1]
 (  0.288563  0.078740 -0.470305  0.030048 -0.758869 -0.048692 ) 
 ( -0.103112 -0.021150  0.164484 -0.021150  0.267596  0.000000 ) 
     freq (    5) =      11.004846 [THz] =     367.082156 [cm-1]
 ( -0.626075  0.334317 -0.504036  0.342148  0.122040  0.007830 ) 
 (  0.212331 -0.131512  0.169297 -0.131512 -0.043034  0.000000 ) 
     freq (    6) =      12.136526 [THz] =     404.830923 [cm-1]
 ( -0.320422 -0.454218  0.320422  0.454218 -0.320422 -0.454218 ) 
 (  0.156040  0.000000 -0.156040 -0.000000  0.156040  0.000000 ) 
 **************************************************************************
