Dynamical matrix file
                                                                           
  2    2  2 10.5000000  0.0000000  0.0000000  0.0000000  0.0000000  0.0000000
           1  'Al  '    24590.7656527287     
           2  'As  '    68285.4026205499     
    1    1      0.0000000000      0.0000000000      0.0000000000
    2    2      0.2500000000      0.2500000000      0.2500000000

     Dynamical  Matrix in cartesian axes

     q = (   -0.250000000   0.250000000  -0.250000000 ) 

    1    1
  0.23202818 -0.00000000   -0.02547014  0.00000000    0.02547014 -0.00000000
 -0.02547014  0.00000000    0.23202818 -0.00000000   -0.02547014  0.00000000
  0.02547014 -0.00000000   -0.02547014  0.00000000    0.23202818 -0.00000000
    1    2
 -0.16509066 -0.05848472   -0.02946605  0.04600127    0.02946605 -0.04600127
 -0.02946605  0.04600127   -0.16509066 -0.05848472   -0.02946605  0.04600127
  0.02946605 -0.04600127   -0.02946605  0.04600127   -0.16509066 -0.05848472
    2    1
 -0.16509066  0.05848472   -0.02946605 -0.04600127    0.02946605  0.04600127
 -0.02946605 -0.04600127   -0.16509066  0.05848472   -0.02946605 -0.04600127
  0.02946605  0.04600127   -0.02946605 -0.04600127   -0.16509066  0.05848472
    2    2
  0.23114204  0.00000000   -0.02106378  0.00000000    0.02106378  0.00000000
 -0.02106378  0.00000000    0.23114204  0.00000000   -0.02106378  0.00000000
  0.02106378  0.00000000   -0.02106378  0.00000000    0.23114204  0.00000000

     Dynamical  Matrix in cartesian axes

     q = (    0.250000000  -0.250000000   0.250000000 ) 

    1    1
  0.23202818  0.00000000   -0.02547014 -0.00000000    0.02547014  0.00000000
 -0.02547014 -0.00000000    0.23202818  0.00000000   -0.02547014 -0.00000000
  0.02547014  0.00000000   -0.02547014 -0.00000000    0.23202818  0.00000000
    1    2
 -0.16509066  0.05848472   -0.02946605 -0.04600127    0.02946605  0.04600127
 -0.02946605 -0.04600127   -0.16509066  0.05848472   -0.02946605 -0.04600127
  0.02946605  0.04600127   -0.02946605 -0.04600127   -0.16509066  0.05848472
    2    1
 -0.16509066 -0.05848472   -0.02946605  0.04600127    0.02946605 -0.04600127
 -0.02946605  0.04600127   -0.16509066 -0.05848472   -0.02946605  0.04600127
  0.02946605 -0.04600127   -0.02946605  0.04600127   -0.16509066 -0.05848472
    2    2
  0.23114204  0.00000000   -0.02106378  0.00000000    0.02106378  0.00000000
 -0.02106378  0.00000000    0.23114204  0.00000000   -0.02106378  0.00000000
  0.02106378  0.00000000   -0.02106378  0.00000000    0.23114204  0.00000000

     Dynamical  Matrix in cartesian axes

     q = (    0.250000000   0.250000000   0.250000000 ) 

    1    1
  0.23202818 -0.00000000    0.02547014 -0.00000000    0.02547014 -0.00000000
  0.02547014 -0.00000000    0.23202818 -0.00000000    0.02547014 -0.00000000
  0.02547014 -0.00000000    0.02547014 -0.00000000    0.23202818 -0.00000000
    1    2
 -0.05848472  0.16509066   -0.04600127 -0.02946605   -0.04600127 -0.02946605
 -0.04600127 -0.02946605   -0.05848472  0.16509066   -0.04600127 -0.02946605
 -0.04600127 -0.02946605   -0.04600127 -0.02946605   -0.05848472  0.16509066
    2    1
 -0.05848472 -0.16509066   -0.04600127  0.02946605   -0.04600127  0.02946605
 -0.04600127  0.02946605   -0.05848472 -0.16509066   -0.04600127  0.02946605
 -0.04600127  0.02946605   -0.04600127  0.02946605   -0.05848472 -0.16509066
    2    2
  0.23114204  0.00000000    0.02106378  0.00000000    0.02106378  0.00000000
  0.02106378  0.00000000    0.23114204  0.00000000    0.02106378  0.00000000
  0.02106378  0.00000000    0.02106378  0.00000000    0.23114204  0.00000000

     Dynamical  Matrix in cartesian axes

     q = (   -0.250000000  -0.250000000  -0.250000000 ) 

    1    1
  0.23202818  0.00000000    0.02547014  0.00000000    0.02547014  0.00000000
  0.02547014  0.00000000    0.23202818  0.00000000    0.02547014  0.00000000
  0.02547014  0.00000000    0.02547014  0.00000000    0.23202818  0.00000000
    1    2
 -0.05848472 -0.16509066   -0.04600127  0.02946605   -0.04600127  0.02946605
 -0.04600127  0.02946605   -0.05848472 -0.16509066   -0.04600127  0.02946605
 -0.04600127  0.02946605   -0.04600127  0.02946605   -0.05848472 -0.16509066
    2    1
 -0.05848472  0.16509066   -0.04600127 -0.02946605   -0.04600127 -0.02946605
 -0.04600127 -0.02946605   -0.05848472  0.16509066   -0.04600127 -0.02946605
 -0.04600127 -0.02946605   -0.04600127 -0.02946605   -0.05848472  0.16509066
    2    2
  0.23114204  0.00000000    0.02106378  0.00000000    0.02106378  0.00000000
  0.02106378  0.00000000    0.23114204  0.00000000    0.02106378  0.00000000
  0.02106378  0.00000000    0.02106378  0.00000000    0.23114204  0.00000000

     Dynamical  Matrix in cartesian axes

     q = (    0.250000000  -0.250000000  -0.250000000 ) 

    1    1
  0.23202818 -0.00000000   -0.02547014  0.00000000   -0.02547014  0.00000000
 -0.02547014  0.00000000    0.23202818 -0.00000000    0.02547014 -0.00000000
 -0.02547014  0.00000000    0.02547014 -0.00000000    0.23202818 -0.00000000
    1    2
 -0.16509066 -0.05848472   -0.02946605  0.04600127   -0.02946605  0.04600127
 -0.02946605  0.04600127   -0.16509066 -0.05848472    0.02946605 -0.04600127
 -0.02946605  0.04600127    0.02946605 -0.04600127   -0.16509066 -0.05848472
    2    1
 -0.16509066  0.05848472   -0.02946605 -0.04600127   -0.02946605 -0.04600127
 -0.02946605 -0.04600127   -0.16509066  0.05848472    0.02946605  0.04600127
 -0.02946605 -0.04600127    0.02946605  0.04600127   -0.16509066  0.05848472
    2    2
  0.23114204  0.00000000   -0.02106378  0.00000000   -0.02106378  0.00000000
 -0.02106378  0.00000000    0.23114204  0.00000000    0.02106378  0.00000000
 -0.02106378  0.00000000    0.02106378  0.00000000    0.23114204  0.00000000

     Dynamical  Matrix in cartesian axes

     q = (   -0.250000000   0.250000000   0.250000000 ) 

    1    1
  0.23202818  0.00000000   -0.02547014 -0.00000000   -0.02547014 -0.00000000
 -0.02547014 -0.00000000    0.23202818  0.00000000    0.02547014  0.00000000
 -0.02547014 -0.00000000    0.02547014  0.00000000    0.23202818  0.00000000
    1    2
 -0.16509066  0.05848472   -0.02946605 -0.04600127   -0.02946605 -0.04600127
 -0.02946605 -0.04600127   -0.16509066  0.05848472    0.02946605  0.04600127
 -0.02946605 -0.04600127    0.02946605  0.04600127   -0.16509066  0.05848472
    2    1
 -0.16509066 -0.05848472   -0.02946605  0.04600127   -0.02946605  0.04600127
 -0.02946605  0.04600127   -0.16509066 -0.05848472    0.02946605 -0.04600127
 -0.02946605  0.04600127    0.02946605 -0.04600127   -0.16509066 -0.05848472
    2    2
  0.23114204  0.00000000   -0.02106378  0.00000000   -0.02106378  0.00000000
 -0.02106378  0.00000000    0.23114204  0.00000000    0.02106378  0.00000000
 -0.02106378  0.00000000    0.02106378  0.00000000    0.23114204  0.00000000

     Dynamical  Matrix in cartesian axes

     q = (   -0.250000000  -0.250000000   0.250000000 ) 

    1    1
  0.23202818 -0.00000000    0.02547014 -0.00000000   -0.02547014  0.00000000
  0.02547014 -0.00000000    0.23202818 -0.00000000   -0.02547014  0.00000000
 -0.02547014  0.00000000   -0.02547014  0.00000000    0.23202818 -0.00000000
    1    2
 -0.16509066 -0.05848472    0.02946605 -0.04600127   -0.02946605  0.04600127
  0.02946605 -0.04600127   -0.16509066 -0.05848472   -0.02946605  0.04600127
 -0.02946605  0.04600127   -0.02946605  0.04600127   -0.16509066 -0.05848472
    2    1
 -0.16509066  0.05848472    0.02946605  0.04600127   -0.02946605 -0.04600127
  0.02946605  0.04600127   -0.16509066  0.05848472   -0.02946605 -0.04600127
 -0.02946605 -0.04600127   -0.02946605 -0.04600127   -0.16509066  0.05848472
    2    2
  0.23114204  0.00000000    0.02106378  0.00000000   -0.02106378  0.00000000
  0.02106378  0.00000000    0.23114204  0.00000000   -0.02106378  0.00000000
 -0.02106378  0.00000000   -0.02106378  0.00000000    0.23114204  0.00000000

     Dynamical  Matrix in cartesian axes

     q = (    0.250000000   0.250000000  -0.250000000 ) 

    1    1
  0.23202818  0.00000000    0.02547014  0.00000000   -0.02547014 -0.00000000
  0.02547014  0.00000000    0.23202818  0.00000000   -0.02547014 -0.00000000
 -0.02547014 -0.00000000   -0.02547014 -0.00000000    0.23202818  0.00000000
    1    2
 -0.16509066  0.05848472    0.02946605  0.04600127   -0.02946605 -0.04600127
  0.02946605  0.04600127   -0.16509066  0.05848472   -0.02946605 -0.04600127
 -0.02946605 -0.04600127   -0.02946605 -0.04600127   -0.16509066  0.05848472
    2    1
 -0.16509066 -0.05848472    0.02946605 -0.04600127   -0.02946605  0.04600127
  0.02946605 -0.04600127   -0.16509066 -0.05848472   -0.02946605  0.04600127
 -0.02946605  0.04600127   -0.02946605  0.04600127   -0.16509066 -0.05848472
    2    2
  0.23114204  0.00000000    0.02106378  0.00000000   -0.02106378  0.00000000
  0.02106378  0.00000000    0.23114204  0.00000000   -0.02106378  0.00000000
 -0.02106378  0.00000000   -0.02106378  0.00000000    0.23114204  0.00000000

     Diagonalizing the dynamical matrix

     q = (   -0.250000000   0.250000000  -0.250000000 ) 

 **************************************************************************
     freq (    1) =       1.761234 [THz] =      58.748452 [cm-1]
 (  0.414268 -0.176904  0.498942 -0.171471  0.084674  0.005433 ) 
 (  0.411482 -0.207811  0.498312 -0.207811  0.086830  0.000000 ) 
     freq (    2) =       1.761234 [THz] =      58.748452 [cm-1]
 (  0.350228 -0.008124 -0.212919 -0.044257 -0.563147 -0.036133 ) 
 (  0.357140 -0.031246 -0.220344 -0.031246 -0.577484  0.000000 ) 
     freq (    3) =       4.534231 [THz] =     151.245656 [cm-1]
 ( -0.204606 -0.290043  0.204606  0.290043 -0.204606 -0.290043 ) 
 ( -0.455351  0.000000  0.455351 -0.000000 -0.455351  0.000000 ) 
     freq (    4) =      11.004848 [THz] =     367.082226 [cm-1]
 (  0.545179  0.420451  0.488741  0.416829 -0.056438 -0.003621 ) 
 ( -0.200928 -0.135368 -0.181027 -0.135368  0.019901  0.000000 ) 
     freq (    5) =      11.004848 [THz] =     367.082226 [cm-1]
 ( -0.345210  0.006231  0.421334  0.055415  0.766545  0.049184 ) 
 (  0.121089 -0.009967 -0.149211 -0.009967 -0.270301  0.000000 ) 
     freq (    6) =      12.136529 [THz] =     404.831037 [cm-1]
 (  0.320421  0.454220 -0.320421 -0.454220  0.320421  0.454220 ) 
 ( -0.156039  0.000000  0.156039  0.000000 -0.156039  0.000000 ) 
 **************************************************************************
