Dynamical matrix file
                                                                           
  2    2  2 10.5000000  0.0000000  0.0000000  0.0000000  0.0000000  0.0000000
           1  'Al  '    24590.7656527287     
           2  'As  '    68285.4026205499     
    1    1      0.0000000000      0.0000000000      0.0000000000
    2    2      0.2500000000      0.2500000000      0.2500000000

     Dynamical  Matrix in cartesian axes

     q = (    0.500000000   0.000000000   0.500000000 ) 

    1    1
  0.21971499  0.00000000   -0.00000000 -0.01748682    0.01845753  0.00000000
 -0.00000000  0.01748682    0.23138746  0.00000000   -0.00000000  0.01748682
  0.01845753  0.00000000   -0.00000000 -0.01748682    0.21971499  0.00000000
    1    2
 -0.00000000  0.10685163   -0.07536631  0.00000000    0.00000000 -0.07064175
 -0.09214776  0.00000000   -0.00000000  0.10842230   -0.09214776  0.00000000
 -0.00000000 -0.07064175   -0.07536631 -0.00000000   -0.00000000  0.10685163
    2    1
 -0.00000000 -0.10685163   -0.09214776  0.00000000    0.00000000  0.07064175
 -0.07536631  0.00000000   -0.00000000 -0.10842230   -0.07536631  0.00000000
 -0.00000000  0.07064175   -0.09214776  0.00000000   -0.00000000 -0.10685163
    2    2
  0.23485315  0.00000000    0.00000000 -0.01309375    0.02637447  0.00000000
 -0.00000000  0.01309375    0.24370410  0.00000000   -0.00000000  0.01309375
  0.02637447  0.00000000    0.00000000 -0.01309375    0.23485315  0.00000000

     Dynamical  Matrix in cartesian axes

     q = (   -0.500000000   0.000000000  -0.500000000 ) 

    1    1
  0.21971499  0.00000000    0.00000000  0.01748682    0.01845753  0.00000000
  0.00000000 -0.01748682    0.23138746  0.00000000    0.00000000 -0.01748682
  0.01845753  0.00000000    0.00000000  0.01748682    0.21971499  0.00000000
    1    2
 -0.00000000 -0.10685163   -0.07536631  0.00000000    0.00000000  0.07064175
 -0.09214776  0.00000000   -0.00000000 -0.10842230   -0.09214776  0.00000000
 -0.00000000  0.07064175   -0.07536631  0.00000000   -0.00000000 -0.10685163
    2    1
 -0.00000000  0.10685163   -0.09214776 -0.00000000    0.00000000 -0.07064175
 -0.07536631  0.00000000   -0.00000000  0.10842230   -0.07536631  0.00000000
 -0.00000000 -0.07064175   -0.09214776 -0.00000000   -0.00000000  0.10685163
    2    2
  0.23485315  0.00000000    0.00000000  0.01309375    0.02637447  0.00000000
  0.00000000 -0.01309375    0.24370410  0.00000000    0.00000000 -0.01309375
  0.02637447  0.00000000    0.00000000  0.01309375    0.23485315  0.00000000

     Dynamical  Matrix in cartesian axes

     q = (    0.000000000  -0.500000000   0.500000000 ) 

    1    1
  0.23138746  0.00000000   -0.00000000  0.01748682    0.00000000 -0.01748682
 -0.00000000 -0.01748682    0.21971499  0.00000000   -0.01845753  0.00000000
  0.00000000  0.01748682   -0.01845753  0.00000000    0.21971499  0.00000000
    1    2
 -0.10842230 -0.00000000    0.00000000 -0.09214776    0.00000000  0.09214776
  0.00000000 -0.07536631   -0.10685163 -0.00000000   -0.07064175  0.00000000
  0.00000000  0.07536631   -0.07064175  0.00000000   -0.10685163 -0.00000000
    2    1
 -0.10842230  0.00000000    0.00000000  0.07536631   -0.00000000 -0.07536631
  0.00000000  0.09214776   -0.10685163  0.00000000   -0.07064175 -0.00000000
 -0.00000000 -0.09214776   -0.07064175 -0.00000000   -0.10685163  0.00000000
    2    2
  0.24370410  0.00000000   -0.00000000  0.01309375    0.00000000 -0.01309375
 -0.00000000 -0.01309375    0.23485315  0.00000000   -0.02637447  0.00000000
 -0.00000000  0.01309375   -0.02637447  0.00000000    0.23485315  0.00000000

     Dynamical  Matrix in cartesian axes

     q = (    0.500000000  -0.500000000   0.000000000 ) 

    1    1
  0.21971499  0.00000000   -0.01845753  0.00000000    0.00000000  0.01748682
 -0.01845753  0.00000000    0.21971499  0.00000000    0.00000000 -0.01748682
  0.00000000 -0.01748682   -0.00000000  0.01748682    0.23138746  0.00000000
    1    2
 -0.10685163 -0.00000000   -0.07064175  0.00000000   -0.00000000  0.07536631
 -0.07064175  0.00000000   -0.10685163 -0.00000000    0.00000000 -0.07536631
  0.00000000  0.09214776   -0.00000000 -0.09214776   -0.10842230  0.00000000
    2    1
 -0.10685163  0.00000000   -0.07064175 -0.00000000   -0.00000000 -0.09214776
 -0.07064175 -0.00000000   -0.10685163  0.00000000    0.00000000  0.09214776
 -0.00000000 -0.07536631    0.00000000  0.07536631   -0.10842230  0.00000000
    2    2
  0.23485315  0.00000000   -0.02637447  0.00000000    0.00000000  0.01309375
 -0.02637447  0.00000000    0.23485315  0.00000000    0.00000000 -0.01309375
  0.00000000 -0.01309375   -0.00000000  0.01309375    0.24370410  0.00000000

     Dynamical  Matrix in cartesian axes

     q = (    0.000000000  -0.500000000  -0.500000000 ) 

    1    1
  0.23138746  0.00000000    0.00000000 -0.01748682    0.00000000 -0.01748682
  0.00000000  0.01748682    0.21971499  0.00000000    0.01845753  0.00000000
  0.00000000  0.01748682    0.01845753  0.00000000    0.21971499  0.00000000
    1    2
 -0.00000000 -0.10842230   -0.09214776  0.00000000   -0.09214776  0.00000000
 -0.07536631  0.00000000   -0.00000000 -0.10685163    0.00000000  0.07064175
 -0.07536631  0.00000000    0.00000000  0.07064175   -0.00000000 -0.10685163
    2    1
 -0.00000000  0.10842230   -0.07536631  0.00000000   -0.07536631  0.00000000
 -0.09214776 -0.00000000   -0.00000000  0.10685163    0.00000000 -0.07064175
 -0.09214776  0.00000000    0.00000000 -0.07064175   -0.00000000  0.10685163
    2    2
  0.24370410  0.00000000    0.00000000 -0.01309375    0.00000000 -0.01309375
  0.00000000  0.01309375    0.23485315  0.00000000    0.02637447  0.00000000
  0.00000000  0.01309375    0.02637447  0.00000000    0.23485315  0.00000000

     Dynamical  Matrix in cartesian axes

     q = (   -0.500000000   0.000000000   0.500000000 ) 

    1    1
  0.21971499  0.00000000    0.00000000 -0.01748682   -0.01845753  0.00000000
 -0.00000000  0.01748682    0.23138746  0.00000000    0.00000000 -0.01748682
 -0.01845753  0.00000000    0.00000000  0.01748682    0.21971499  0.00000000
    1    2
 -0.10685163 -0.00000000   -0.00000000 -0.07536631   -0.07064175 -0.00000000
 -0.00000000 -0.09214776   -0.10842230  0.00000000    0.00000000  0.09214776
 -0.07064175 -0.00000000    0.00000000  0.07536631   -0.10685163 -0.00000000
    2    1
 -0.10685163  0.00000000    0.00000000  0.09214776   -0.07064175  0.00000000
  0.00000000  0.07536631   -0.10842230 -0.00000000   -0.00000000 -0.07536631
 -0.07064175  0.00000000    0.00000000 -0.09214776   -0.10685163  0.00000000
    2    2
  0.23485315  0.00000000   -0.00000000 -0.01309375   -0.02637447  0.00000000
 -0.00000000  0.01309375    0.24370410  0.00000000   -0.00000000 -0.01309375
 -0.02637447  0.00000000    0.00000000  0.01309375    0.23485315  0.00000000

     Dynamical  Matrix in cartesian axes

     q = (    0.500000000   0.500000000   0.000000000 ) 

    1    1
  0.21971499  0.00000000    0.01845753  0.00000000   -0.00000000 -0.01748682
  0.01845753  0.00000000    0.21971499  0.00000000   -0.00000000 -0.01748682
 -0.00000000  0.01748682   -0.00000000  0.01748682    0.23138746  0.00000000
    1    2
 -0.00000000  0.10685163    0.00000000 -0.07064175   -0.07536631  0.00000000
  0.00000000 -0.07064175   -0.00000000  0.10685163   -0.07536631  0.00000000
 -0.09214776  0.00000000   -0.09214776  0.00000000   -0.00000000  0.10842230
    2    1
 -0.00000000 -0.10685163    0.00000000  0.07064175   -0.09214776  0.00000000
  0.00000000  0.07064175   -0.00000000 -0.10685163   -0.09214776  0.00000000
 -0.07536631  0.00000000   -0.07536631  0.00000000   -0.00000000 -0.10842230
    2    2
  0.23485315  0.00000000    0.02637447  0.00000000   -0.00000000 -0.01309375
  0.02637447  0.00000000    0.23485315  0.00000000   -0.00000000 -0.01309375
 -0.00000000  0.01309375   -0.00000000  0.01309375    0.24370410  0.00000000

     Dynamical  Matrix in cartesian axes

     q = (   -0.500000000  -0.500000000   0.000000000 ) 

    1    1
  0.21971499  0.00000000    0.01845753  0.00000000    0.00000000  0.01748682
  0.01845753  0.00000000    0.21971499  0.00000000    0.00000000  0.01748682
  0.00000000 -0.01748682    0.00000000 -0.01748682    0.23138746  0.00000000
    1    2
 -0.00000000 -0.10685163    0.00000000  0.07064175   -0.07536631  0.00000000
  0.00000000  0.07064175   -0.00000000 -0.10685163   -0.07536631  0.00000000
 -0.09214776  0.00000000   -0.09214776  0.00000000   -0.00000000 -0.10842230
    2    1
 -0.00000000  0.10685163    0.00000000 -0.07064175   -0.09214776  0.00000000
  0.00000000 -0.07064175   -0.00000000  0.10685163   -0.09214776  0.00000000
 -0.07536631  0.00000000   -0.07536631  0.00000000   -0.00000000  0.10842230
    2    2
  0.23485315  0.00000000    0.02637447  0.00000000    0.00000000  0.01309375
  0.02637447  0.00000000    0.23485315  0.00000000    0.00000000  0.01309375
  0.00000000 -0.01309375    0.00000000 -0.01309375    0.24370410  0.00000000

     Dynamical  Matrix in cartesian axes

     q = (   -0.500000000   0.500000000   0.000000000 ) 

    1    1
  0.21971499  0.00000000   -0.01845753  0.00000000    0.00000000 -0.01748682
 -0.01845753  0.00000000    0.21971499  0.00000000    0.00000000  0.01748682
 -0.00000000  0.01748682    0.00000000 -0.01748682    0.23138746  0.00000000
    1    2
 -0.10685163 -0.00000000   -0.07064175 -0.00000000    0.00000000 -0.07536631
 -0.07064175 -0.00000000   -0.10685163 -0.00000000    0.00000000  0.07536631
  0.00000000 -0.09214776    0.00000000  0.09214776   -0.10842230  0.00000000
    2    1
 -0.10685163  0.00000000   -0.07064175  0.00000000    0.00000000  0.09214776
 -0.07064175  0.00000000   -0.10685163  0.00000000    0.00000000 -0.09214776
  0.00000000  0.07536631   -0.00000000 -0.07536631   -0.10842230 -0.00000000
    2    2
  0.23485315  0.00000000   -0.02637447  0.00000000    0.00000000 -0.01309375
 -0.02637447  0.00000000    0.23485315  0.00000000    0.00000000  0.01309375
  0.00000000  0.01309375    0.00000000 -0.01309375    0.24370410  0.00000000

     Dynamical  Matrix in cartesian axes

     q = (    0.500000000   0.000000000  -0.500000000 ) 

    1    1
  0.21971499  0.00000000    0.00000000  0.01748682   -0.01845753  0.00000000
  0.00000000 -0.01748682    0.23138746  0.00000000   -0.00000000  0.01748682
 -0.01845753  0.00000000    0.00000000 -0.01748682    0.21971499  0.00000000
    1    2
 -0.10685163 -0.00000000    0.00000000  0.07536631   -0.07064175  0.00000000
  0.00000000  0.09214776   -0.10842230 -0.00000000   -0.00000000 -0.09214776
 -0.07064175  0.00000000    0.00000000 -0.07536631   -0.10685163 -0.00000000
    2    1
 -0.10685163  0.00000000    0.00000000 -0.09214776   -0.07064175 -0.00000000
 -0.00000000 -0.07536631   -0.10842230  0.00000000    0.00000000  0.07536631
 -0.07064175 -0.00000000    0.00000000  0.09214776   -0.10685163  0.00000000
    2    2
  0.23485315  0.00000000    0.00000000  0.01309375   -0.02637447  0.00000000
  0.00000000 -0.01309375    0.24370410  0.00000000   -0.00000000  0.01309375
 -0.02637447  0.00000000    0.00000000 -0.01309375    0.23485315  0.00000000

     Dynamical  Matrix in cartesian axes

     q = (    0.000000000   0.500000000   0.500000000 ) 

    1    1
  0.23138746  0.00000000    0.00000000  0.01748682    0.00000000  0.01748682
  0.00000000 -0.01748682    0.21971499  0.00000000    0.01845753  0.00000000
  0.00000000 -0.01748682    0.01845753  0.00000000    0.21971499  0.00000000
    1    2
 -0.00000000  0.10842230   -0.09214776 -0.00000000   -0.09214776  0.00000000
 -0.07536631  0.00000000   -0.00000000  0.10685163    0.00000000 -0.07064175
 -0.07536631 -0.00000000    0.00000000 -0.07064175   -0.00000000  0.10685163
    2    1
 -0.00000000 -0.10842230   -0.07536631  0.00000000   -0.07536631  0.00000000
 -0.09214776  0.00000000   -0.00000000 -0.10685163    0.00000000  0.07064175
 -0.09214776  0.00000000    0.00000000  0.07064175   -0.00000000 -0.10685163
    2    2
  0.24370410  0.00000000   -0.00000000  0.01309375    0.00000000  0.01309375
 -0.00000000 -0.01309375    0.23485315  0.00000000    0.02637447  0.00000000
  0.00000000 -0.01309375    0.02637447  0.00000000    0.23485315  0.00000000

     Dynamical  Matrix in cartesian axes

     q = (    0.000000000   0.500000000  -0.500000000 ) 

    1    1
  0.23138746  0.00000000    0.00000000 -0.01748682   -0.00000000  0.01748682
  0.00000000  0.01748682    0.21971499  0.00000000   -0.01845753  0.00000000
 -0.00000000 -0.01748682   -0.01845753  0.00000000    0.21971499  0.00000000
    1    2
 -0.10842230 -0.00000000    0.00000000  0.09214776    0.00000000 -0.09214776
  0.00000000  0.07536631   -0.10685163 -0.00000000   -0.07064175  0.00000000
  0.00000000 -0.07536631   -0.07064175  0.00000000   -0.10685163 -0.00000000
    2    1
 -0.10842230  0.00000000   -0.00000000 -0.07536631    0.00000000  0.07536631
 -0.00000000 -0.09214776   -0.10685163  0.00000000   -0.07064175 -0.00000000
  0.00000000  0.09214776   -0.07064175 -0.00000000   -0.10685163  0.00000000
    2    2
  0.24370410  0.00000000    0.00000000 -0.01309375    0.00000000  0.01309375
  0.00000000  0.01309375    0.23485315  0.00000000   -0.02637447  0.00000000
 -0.00000000 -0.01309375   -0.02637447  0.00000000    0.23485315  0.00000000

     Diagonalizing the dynamical matrix

     q = (    0.500000000   0.000000000   0.500000000 ) 

 **************************************************************************
     freq (    1) =       2.514965 [THz] =      83.890188 [cm-1]
 ( -0.000000  0.486949 -0.000000  0.000000 -0.000000 -0.486949 ) 
 ( -0.512719  0.000000 -0.000000 -0.000000  0.512719  0.000000 ) 
     freq (    2) =       3.824721 [THz] =     127.578968 [cm-1]
 (  0.000000 -0.246517 -0.605054  0.000000 -0.000000 -0.246517 ) 
 ( -0.227647  0.000000 -0.000000 -0.639314 -0.227647  0.000000 ) 
     freq (    3) =       5.425771 [THz] =     180.984230 [cm-1]
 (  0.000000 -0.268913  0.285352 -0.000000  0.000000 -0.268913 ) 
 (  0.549044  0.000000  0.000000 -0.413578  0.549044  0.000000 ) 
     freq (    4) =      10.718557 [THz] =     357.532589 [cm-1]
 (  0.000000  0.653238  0.273947 -0.000000  0.000000  0.653238 ) 
 ( -0.010969  0.000000 -0.000000 -0.266972 -0.010969  0.000000 ) 
     freq (    5) =      10.737650 [THz] =     358.169454 [cm-1]
 (  0.000000 -0.669057  0.000000 -0.000000  0.000000  0.669057 ) 
 ( -0.228829  0.000000 -0.000000  0.000000  0.228829  0.000000 ) 
     freq (    6) =      11.302276 [THz] =     377.003359 [cm-1]
 (  0.000000  0.257983 -0.892343 -0.000000  0.000000  0.257983 ) 
 (  0.170766  0.000000 -0.000000  0.110868  0.170766  0.000000 ) 
 **************************************************************************
