Dynamical matrix file
                                                                           
  2    2  2 10.5000000  0.0000000  0.0000000  0.0000000  0.0000000  0.0000000
           1  'Al  '    24590.7656527287     
           2  'As  '    68285.4026205499     
    1    1      0.0000000000      0.0000000000      0.0000000000
    2    2      0.2500000000      0.2500000000      0.2500000000

     Dynamical  Matrix in cartesian axes

     q = (   -0.250000000   0.250000000  -0.250000000 ) 

    1    1
  0.23202736  0.00000000   -0.02546992  0.00000000    0.02546992  0.00000000
 -0.02546992  0.00000000    0.23202736  0.00000000   -0.02546992  0.00000000
  0.02546992  0.00000000   -0.02546992  0.00000000    0.23202736  0.00000000
    1    2
 -0.16509123 -0.05848509   -0.02946569  0.04600168    0.02946569 -0.04600168
 -0.02946569  0.04600168   -0.16509123 -0.05848509   -0.02946569  0.04600168
  0.02946569 -0.04600168   -0.02946569  0.04600168   -0.16509123 -0.05848509
    2    1
 -0.16509123  0.05848509   -0.02946569 -0.04600168    0.02946569  0.04600168
 -0.02946569 -0.04600168   -0.16509123  0.05848509   -0.02946569 -0.04600168
  0.02946569  0.04600168   -0.02946569 -0.04600168   -0.16509123  0.05848509
    2    2
  0.23114358  0.00000000   -0.02106252 -0.00000000    0.02106252  0.00000000
 -0.02106252 -0.00000000    0.23114358  0.00000000   -0.02106252 -0.00000000
  0.02106252  0.00000000   -0.02106252 -0.00000000    0.23114358  0.00000000

     Dynamical  Matrix in cartesian axes

     q = (    0.250000000  -0.250000000   0.250000000 ) 

    1    1
  0.23202736  0.00000000   -0.02546992  0.00000000    0.02546992  0.00000000
 -0.02546992  0.00000000    0.23202736  0.00000000   -0.02546992  0.00000000
  0.02546992  0.00000000   -0.02546992  0.00000000    0.23202736  0.00000000
    1    2
 -0.16509123  0.05848509   -0.02946569 -0.04600168    0.02946569  0.04600168
 -0.02946569 -0.04600168   -0.16509123  0.05848509   -0.02946569 -0.04600168
  0.02946569  0.04600168   -0.02946569 -0.04600168   -0.16509123  0.05848509
    2    1
 -0.16509123 -0.05848509   -0.02946569  0.04600168    0.02946569 -0.04600168
 -0.02946569  0.04600168   -0.16509123 -0.05848509   -0.02946569  0.04600168
  0.02946569 -0.04600168   -0.02946569  0.04600168   -0.16509123 -0.05848509
    2    2
  0.23114358 -0.00000000   -0.02106252  0.00000000    0.02106252 -0.00000000
 -0.02106252  0.00000000    0.23114358 -0.00000000   -0.02106252  0.00000000
  0.02106252 -0.00000000   -0.02106252  0.00000000    0.23114358 -0.00000000

     Dynamical  Matrix in cartesian axes

     q = (    0.250000000  -0.250000000  -0.250000000 ) 

    1    1
  0.23202736  0.00000000   -0.02546992  0.00000000   -0.02546992  0.00000000
 -0.02546992  0.00000000    0.23202736  0.00000000    0.02546992  0.00000000
 -0.02546992  0.00000000    0.02546992  0.00000000    0.23202736  0.00000000
    1    2
 -0.16509123 -0.05848509   -0.02946569  0.04600168   -0.02946569  0.04600168
 -0.02946569  0.04600168   -0.16509123 -0.05848509    0.02946569 -0.04600168
 -0.02946569  0.04600168    0.02946569 -0.04600168   -0.16509123 -0.05848509
    2    1
 -0.16509123  0.05848509   -0.02946569 -0.04600168   -0.02946569 -0.04600168
 -0.02946569 -0.04600168   -0.16509123  0.05848509    0.02946569  0.04600168
 -0.02946569 -0.04600168    0.02946569  0.04600168   -0.16509123  0.05848509
    2    2
  0.23114358  0.00000000   -0.02106252 -0.00000000   -0.02106252 -0.00000000
 -0.02106252 -0.00000000    0.23114358  0.00000000    0.02106252  0.00000000
 -0.02106252 -0.00000000    0.02106252  0.00000000    0.23114358  0.00000000

     Dynamical  Matrix in cartesian axes

     q = (   -0.250000000   0.250000000   0.250000000 ) 

    1    1
  0.23202736  0.00000000   -0.02546992  0.00000000   -0.02546992  0.00000000
 -0.02546992  0.00000000    0.23202736  0.00000000    0.02546992  0.00000000
 -0.02546992  0.00000000    0.02546992  0.00000000    0.23202736  0.00000000
    1    2
 -0.16509123  0.05848509   -0.02946569 -0.04600168   -0.02946569 -0.04600168
 -0.02946569 -0.04600168   -0.16509123  0.05848509    0.02946569  0.04600168
 -0.02946569 -0.04600168    0.02946569  0.04600168   -0.16509123  0.05848509
    2    1
 -0.16509123 -0.05848509   -0.02946569  0.04600168   -0.02946569  0.04600168
 -0.02946569  0.04600168   -0.16509123 -0.05848509    0.02946569 -0.04600168
 -0.02946569  0.04600168    0.02946569 -0.04600168   -0.16509123 -0.05848509
    2    2
  0.23114358 -0.00000000   -0.02106252  0.00000000   -0.02106252  0.00000000
 -0.02106252  0.00000000    0.23114358 -0.00000000    0.02106252 -0.00000000
 -0.02106252  0.00000000    0.02106252 -0.00000000    0.23114358 -0.00000000

     Dynamical  Matrix in cartesian axes

     q = (   -0.250000000  -0.250000000   0.250000000 ) 

    1    1
  0.23202736  0.00000000    0.02546992  0.00000000   -0.02546992  0.00000000
  0.02546992  0.00000000    0.23202736  0.00000000   -0.02546992  0.00000000
 -0.02546992  0.00000000   -0.02546992  0.00000000    0.23202736  0.00000000
    1    2
 -0.16509123 -0.05848509    0.02946569 -0.04600168   -0.02946569  0.04600168
  0.02946569 -0.04600168   -0.16509123 -0.05848509   -0.02946569  0.04600168
 -0.02946569  0.04600168   -0.02946569  0.04600168   -0.16509123 -0.05848509
    2    1
 -0.16509123  0.05848509    0.02946569  0.04600168   -0.02946569 -0.04600168
  0.02946569  0.04600168   -0.16509123  0.05848509   -0.02946569 -0.04600168
 -0.02946569 -0.04600168   -0.02946569 -0.04600168   -0.16509123  0.05848509
    2    2
  0.23114358  0.00000000    0.02106252  0.00000000   -0.02106252 -0.00000000
  0.02106252  0.00000000    0.23114358  0.00000000   -0.02106252 -0.00000000
 -0.02106252 -0.00000000   -0.02106252 -0.00000000    0.23114358  0.00000000

     Dynamical  Matrix in cartesian axes

     q = (    0.250000000   0.250000000  -0.250000000 ) 

    1    1
  0.23202736  0.00000000    0.02546992  0.00000000   -0.02546992  0.00000000
  0.02546992  0.00000000    0.23202736  0.00000000   -0.02546992  0.00000000
 -0.02546992  0.00000000   -0.02546992  0.00000000    0.23202736  0.00000000
    1    2
 -0.16509123  0.05848509    0.02946569  0.04600168   -0.02946569 -0.04600168
  0.02946569  0.04600168   -0.16509123  0.05848509   -0.02946569 -0.04600168
 -0.02946569 -0.04600168   -0.02946569 -0.04600168   -0.16509123  0.05848509
    2    1
 -0.16509123 -0.05848509    0.02946569 -0.04600168   -0.02946569  0.04600168
  0.02946569 -0.04600168   -0.16509123 -0.05848509   -0.02946569  0.04600168
 -0.02946569  0.04600168   -0.02946569  0.04600168   -0.16509123 -0.05848509
    2    2
  0.23114358 -0.00000000    0.02106252 -0.00000000   -0.02106252  0.00000000
  0.02106252 -0.00000000    0.23114358 -0.00000000   -0.02106252  0.00000000
 -0.02106252  0.00000000   -0.02106252  0.00000000    0.23114358 -0.00000000

     Dynamical  Matrix in cartesian axes

     q = (    0.250000000   0.250000000   0.250000000 ) 

    1    1
  0.23202736  0.00000000    0.02546992  0.00000000    0.02546992  0.00000000
  0.02546992  0.00000000    0.23202736  0.00000000    0.02546992  0.00000000
  0.02546992  0.00000000    0.02546992  0.00000000    0.23202736  0.00000000
    1    2
 -0.05848509  0.16509123   -0.04600168 -0.02946569   -0.04600168 -0.02946569
 -0.04600168 -0.02946569   -0.05848509  0.16509123   -0.04600168 -0.02946569
 -0.04600168 -0.02946569   -0.04600168 -0.02946569   -0.05848509  0.16509123
    2    1
 -0.05848509 -0.16509123   -0.04600168  0.02946569   -0.04600168  0.02946569
 -0.04600168  0.02946569   -0.05848509 -0.16509123   -0.04600168  0.02946569
 -0.04600168  0.02946569   -0.04600168  0.02946569   -0.05848509 -0.16509123
    2    2
  0.23114358  0.00000000    0.02106252  0.00000000    0.02106252  0.00000000
  0.02106252  0.00000000    0.23114358  0.00000000    0.02106252  0.00000000
  0.02106252  0.00000000    0.02106252  0.00000000    0.23114358  0.00000000

     Dynamical  Matrix in cartesian axes

     q = (   -0.250000000  -0.250000000  -0.250000000 ) 

    1    1
  0.23202736  0.00000000    0.02546992  0.00000000    0.02546992  0.00000000
  0.02546992  0.00000000    0.23202736  0.00000000    0.02546992  0.00000000
  0.02546992  0.00000000    0.02546992  0.00000000    0.23202736  0.00000000
    1    2
 -0.05848509 -0.16509123   -0.04600168  0.02946569   -0.04600168  0.02946569
 -0.04600168  0.02946569   -0.05848509 -0.16509123   -0.04600168  0.02946569
 -0.04600168  0.02946569   -0.04600168  0.02946569   -0.05848509 -0.16509123
    2    1
 -0.05848509  0.16509123   -0.04600168 -0.02946569   -0.04600168 -0.02946569
 -0.04600168 -0.02946569   -0.05848509  0.16509123   -0.04600168 -0.02946569
 -0.04600168 -0.02946569   -0.04600168 -0.02946569   -0.05848509  0.16509123
    2    2
  0.23114358 -0.00000000    0.02106252 -0.00000000    0.02106252 -0.00000000
  0.02106252 -0.00000000    0.23114358 -0.00000000    0.02106252 -0.00000000
  0.02106252 -0.00000000    0.02106252 -0.00000000    0.23114358 -0.00000000

     Diagonalizing the dynamical matrix

     q = (   -0.250000000   0.250000000  -0.250000000 ) 

 **************************************************************************
     freq (    1) =       1.761295 [THz] =      58.750469 [cm-1]
 (  0.522777  0.008116  0.459403  0.004050 -0.063373 -0.004066 ) 
 (  0.534417 -0.025967  0.469431 -0.025967 -0.064986  0.000000 ) 
     freq (    2) =       1.761295 [THz] =      58.750469 [cm-1]
 ( -0.227979 -0.017475  0.337962  0.018838  0.565941  0.036313 ) 
 ( -0.233969 -0.002908  0.346378 -0.002908  0.580347  0.000000 ) 
     freq (    3) =       4.534167 [THz] =     151.243542 [cm-1]
 ( -0.204608 -0.290044  0.204608  0.290044 -0.204608 -0.290044 ) 
 ( -0.455350  0.000000  0.455350 -0.000000 -0.455350  0.000000 ) 
     freq (    4) =      11.004847 [THz] =     367.082178 [cm-1]
 ( -0.666335 -0.030063 -0.666335 -0.030063  0.000000 -0.000000 ) 
 (  0.234680 -0.004457  0.234680 -0.004457  0.000000  0.000000 ) 
     freq (    5) =      11.004847 [THz] =     367.082178 [cm-1]
 (  0.384309  0.024659 -0.384309 -0.024659 -0.768619 -0.049317 ) 
 ( -0.135517  0.000000  0.135517 -0.000000  0.271034  0.000000 ) 
     freq (    6) =      12.136524 [THz] =     404.830850 [cm-1]
 ( -0.320422 -0.454219  0.320422  0.454219 -0.320422 -0.454219 ) 
 (  0.156040 -0.000000 -0.156040  0.000000  0.156040  0.000000 ) 
 **************************************************************************
