Dynamical matrix file
                                                                           
  2    2  2 10.5000000  0.0000000  0.0000000  0.0000000  0.0000000  0.0000000
           1  'Al  '    24590.7656527287     
           2  'As  '    68285.4026205499     
    1    1      0.0000000000      0.0000000000      0.0000000000
    2    2      0.2500000000      0.2500000000      0.2500000000

     Dynamical  Matrix in cartesian axes

     q = (   -0.250000000   0.250000000  -0.250000000 ) 

    1    1
  0.23202817 -0.00000000   -0.02547014  0.00000000    0.02547014 -0.00000000
 -0.02547014  0.00000000    0.23202817 -0.00000000   -0.02547014  0.00000000
  0.02547014 -0.00000000   -0.02547014  0.00000000    0.23202817 -0.00000000
    1    2
 -0.16509066 -0.05848472   -0.02946605  0.04600127    0.02946605 -0.04600127
 -0.02946605  0.04600127   -0.16509066 -0.05848472   -0.02946605  0.04600127
  0.02946605 -0.04600127   -0.02946605  0.04600127   -0.16509066 -0.05848472
    2    1
 -0.16509066  0.05848472   -0.02946605 -0.04600127    0.02946605  0.04600127
 -0.02946605 -0.04600127   -0.16509066  0.05848472   -0.02946605 -0.04600127
  0.02946605  0.04600127   -0.02946605 -0.04600127   -0.16509066  0.05848472
    2    2
  0.23114205  0.00000000   -0.02106377  0.00000000    0.02106377  0.00000000
 -0.02106377  0.00000000    0.23114205  0.00000000   -0.02106377  0.00000000
  0.02106377  0.00000000   -0.02106377  0.00000000    0.23114205  0.00000000

     Dynamical  Matrix in cartesian axes

     q = (    0.250000000  -0.250000000   0.250000000 ) 

    1    1
  0.23202817  0.00000000   -0.02547014 -0.00000000    0.02547014  0.00000000
 -0.02547014 -0.00000000    0.23202817  0.00000000   -0.02547014 -0.00000000
  0.02547014  0.00000000   -0.02547014 -0.00000000    0.23202817  0.00000000
    1    2
 -0.16509066  0.05848472   -0.02946605 -0.04600127    0.02946605  0.04600127
 -0.02946605 -0.04600127   -0.16509066  0.05848472   -0.02946605 -0.04600127
  0.02946605  0.04600127   -0.02946605 -0.04600127   -0.16509066  0.05848472
    2    1
 -0.16509066 -0.05848472   -0.02946605  0.04600127    0.02946605 -0.04600127
 -0.02946605  0.04600127   -0.16509066 -0.05848472   -0.02946605  0.04600127
  0.02946605 -0.04600127   -0.02946605  0.04600127   -0.16509066 -0.05848472
    2    2
  0.23114205  0.00000000   -0.02106377  0.00000000    0.02106377  0.00000000
 -0.02106377  0.00000000    0.23114205  0.00000000   -0.02106377  0.00000000
  0.02106377  0.00000000   -0.02106377  0.00000000    0.23114205  0.00000000

     Dynamical  Matrix in cartesian axes

     q = (    0.250000000  -0.250000000  -0.250000000 ) 

    1    1
  0.23202817 -0.00000000   -0.02547014  0.00000000   -0.02547014  0.00000000
 -0.02547014  0.00000000    0.23202817 -0.00000000    0.02547014 -0.00000000
 -0.02547014  0.00000000    0.02547014 -0.00000000    0.23202817 -0.00000000
    1    2
 -0.16509066 -0.05848472   -0.02946605  0.04600127   -0.02946605  0.04600127
 -0.02946605  0.04600127   -0.16509066 -0.05848472    0.02946605 -0.04600127
 -0.02946605  0.04600127    0.02946605 -0.04600127   -0.16509066 -0.05848472
    2    1
 -0.16509066  0.05848472   -0.02946605 -0.04600127   -0.02946605 -0.04600127
 -0.02946605 -0.04600127   -0.16509066  0.05848472    0.02946605  0.04600127
 -0.02946605 -0.04600127    0.02946605  0.04600127   -0.16509066  0.05848472
    2    2
  0.23114205  0.00000000   -0.02106377  0.00000000   -0.02106377  0.00000000
 -0.02106377  0.00000000    0.23114205  0.00000000    0.02106377  0.00000000
 -0.02106377  0.00000000    0.02106377  0.00000000    0.23114205  0.00000000

     Dynamical  Matrix in cartesian axes

     q = (   -0.250000000   0.250000000   0.250000000 ) 

    1    1
  0.23202817  0.00000000   -0.02547014 -0.00000000   -0.02547014 -0.00000000
 -0.02547014 -0.00000000    0.23202817  0.00000000    0.02547014  0.00000000
 -0.02547014 -0.00000000    0.02547014  0.00000000    0.23202817  0.00000000
    1    2
 -0.16509066  0.05848472   -0.02946605 -0.04600127   -0.02946605 -0.04600127
 -0.02946605 -0.04600127   -0.16509066  0.05848472    0.02946605  0.04600127
 -0.02946605 -0.04600127    0.02946605  0.04600127   -0.16509066  0.05848472
    2    1
 -0.16509066 -0.05848472   -0.02946605  0.04600127   -0.02946605  0.04600127
 -0.02946605  0.04600127   -0.16509066 -0.05848472    0.02946605 -0.04600127
 -0.02946605  0.04600127    0.02946605 -0.04600127   -0.16509066 -0.05848472
    2    2
  0.23114205  0.00000000   -0.02106377  0.00000000   -0.02106377  0.00000000
 -0.02106377  0.00000000    0.23114205  0.00000000    0.02106377  0.00000000
 -0.02106377  0.00000000    0.02106377  0.00000000    0.23114205  0.00000000

     Dynamical  Matrix in cartesian axes

     q = (   -0.250000000  -0.250000000   0.250000000 ) 

    1    1
  0.23202817 -0.00000000    0.02547014 -0.00000000   -0.02547014  0.00000000
  0.02547014 -0.00000000    0.23202817 -0.00000000   -0.02547014  0.00000000
 -0.02547014  0.00000000   -0.02547014  0.00000000    0.23202817 -0.00000000
    1    2
 -0.16509066 -0.05848472    0.02946605 -0.04600127   -0.02946605  0.04600127
  0.02946605 -0.04600127   -0.16509066 -0.05848472   -0.02946605  0.04600127
 -0.02946605  0.04600127   -0.02946605  0.04600127   -0.16509066 -0.05848472
    2    1
 -0.16509066  0.05848472    0.02946605  0.04600127   -0.02946605 -0.04600127
  0.02946605  0.04600127   -0.16509066  0.05848472   -0.02946605 -0.04600127
 -0.02946605 -0.04600127   -0.02946605 -0.04600127   -0.16509066  0.05848472
    2    2
  0.23114205  0.00000000    0.02106377  0.00000000   -0.02106377  0.00000000
  0.02106377  0.00000000    0.23114205  0.00000000   -0.02106377  0.00000000
 -0.02106377  0.00000000   -0.02106377  0.00000000    0.23114205  0.00000000

     Dynamical  Matrix in cartesian axes

     q = (    0.250000000   0.250000000  -0.250000000 ) 

    1    1
  0.23202817  0.00000000    0.02547014  0.00000000   -0.02547014 -0.00000000
  0.02547014  0.00000000    0.23202817  0.00000000   -0.02547014 -0.00000000
 -0.02547014 -0.00000000   -0.02547014 -0.00000000    0.23202817  0.00000000
    1    2
 -0.16509066  0.05848472    0.02946605  0.04600127   -0.02946605 -0.04600127
  0.02946605  0.04600127   -0.16509066  0.05848472   -0.02946605 -0.04600127
 -0.02946605 -0.04600127   -0.02946605 -0.04600127   -0.16509066  0.05848472
    2    1
 -0.16509066 -0.05848472    0.02946605 -0.04600127   -0.02946605  0.04600127
  0.02946605 -0.04600127   -0.16509066 -0.05848472   -0.02946605  0.04600127
 -0.02946605  0.04600127   -0.02946605  0.04600127   -0.16509066 -0.05848472
    2    2
  0.23114205  0.00000000    0.02106377  0.00000000   -0.02106377  0.00000000
  0.02106377  0.00000000    0.23114205  0.00000000   -0.02106377  0.00000000
 -0.02106377  0.00000000   -0.02106377  0.00000000    0.23114205  0.00000000

     Dynamical  Matrix in cartesian axes

     q = (    0.250000000   0.250000000   0.250000000 ) 

    1    1
  0.23202817 -0.00000000    0.02547014 -0.00000000    0.02547014 -0.00000000
  0.02547014 -0.00000000    0.23202817 -0.00000000    0.02547014 -0.00000000
  0.02547014 -0.00000000    0.02547014 -0.00000000    0.23202817 -0.00000000
    1    2
 -0.05848472  0.16509066   -0.04600127 -0.02946605   -0.04600127 -0.02946605
 -0.04600127 -0.02946605   -0.05848472  0.16509066   -0.04600127 -0.02946605
 -0.04600127 -0.02946605   -0.04600127 -0.02946605   -0.05848472  0.16509066
    2    1
 -0.05848472 -0.16509066   -0.04600127  0.02946605   -0.04600127  0.02946605
 -0.04600127  0.02946605   -0.05848472 -0.16509066   -0.04600127  0.02946605
 -0.04600127  0.02946605   -0.04600127  0.02946605   -0.05848472 -0.16509066
    2    2
  0.23114205  0.00000000    0.02106377  0.00000000    0.02106377  0.00000000
  0.02106377  0.00000000    0.23114205  0.00000000    0.02106377  0.00000000
  0.02106377  0.00000000    0.02106377  0.00000000    0.23114205  0.00000000

     Dynamical  Matrix in cartesian axes

     q = (   -0.250000000  -0.250000000  -0.250000000 ) 

    1    1
  0.23202817  0.00000000    0.02547014  0.00000000    0.02547014  0.00000000
  0.02547014  0.00000000    0.23202817  0.00000000    0.02547014  0.00000000
  0.02547014  0.00000000    0.02547014  0.00000000    0.23202817  0.00000000
    1    2
 -0.05848472 -0.16509066   -0.04600127  0.02946605   -0.04600127  0.02946605
 -0.04600127  0.02946605   -0.05848472 -0.16509066   -0.04600127  0.02946605
 -0.04600127  0.02946605   -0.04600127  0.02946605   -0.05848472 -0.16509066
    2    1
 -0.05848472  0.16509066   -0.04600127 -0.02946605   -0.04600127 -0.02946605
 -0.04600127 -0.02946605   -0.05848472  0.16509066   -0.04600127 -0.02946605
 -0.04600127 -0.02946605   -0.04600127 -0.02946605   -0.05848472  0.16509066
    2    2
  0.23114205  0.00000000    0.02106377  0.00000000    0.02106377  0.00000000
  0.02106377  0.00000000    0.23114205  0.00000000    0.02106377  0.00000000
  0.02106377  0.00000000    0.02106377  0.00000000    0.23114205  0.00000000

     Diagonalizing the dynamical matrix

     q = (   -0.250000000   0.250000000  -0.250000000 ) 

 **************************************************************************
     freq (    1) =       1.761234 [THz] =      58.748456 [cm-1]
 ( -0.122368  0.081367 -0.538508  0.054666 -0.416140 -0.026701 ) 
 ( -0.119637  0.091115 -0.546372  0.091115 -0.426735  0.000000 ) 
     freq (    2) =       1.761234 [THz] =      58.748456 [cm-1]
 ( -0.548091  0.060335 -0.159335  0.085279  0.388756  0.024944 ) 
 ( -0.555788  0.097533 -0.157134  0.097533  0.398654  0.000000 ) 
     freq (    3) =       4.534231 [THz] =     151.245656 [cm-1]
 (  0.204606  0.290043 -0.204606 -0.290043  0.204606  0.290043 ) 
 (  0.455351 -0.000000 -0.455351  0.000000  0.455351  0.000000 ) 
     freq (    4) =      11.004848 [THz] =     367.082226 [cm-1]
 ( -0.201930  0.166331 -0.726363  0.132681 -0.524433 -0.033650 ) 
 (  0.067165 -0.062961  0.252092 -0.062961  0.184927  0.000000 ) 
     freq (    5) =      11.004848 [THz] =     367.082226 [cm-1]
 ( -0.714145  0.121507 -0.152232  0.157561  0.561912  0.036054 ) 
 (  0.248053 -0.058762  0.049910 -0.058762 -0.198143  0.000000 ) 
     freq (    6) =      12.136529 [THz] =     404.831037 [cm-1]
 (  0.320421  0.454220 -0.320421 -0.454220  0.320421  0.454220 ) 
 ( -0.156039  0.000000  0.156039 -0.000000 -0.156039  0.000000 ) 
 **************************************************************************
