<?xml version="1.0"?>
<?iotk version="1.2.0"?>
<?iotk file_version="1.0"?>
<?iotk binary="F"?>
<?iotk qe_syntax="F"?>
<Root>
  <GEOMETRY_INFO>
    <NUMBER_OF_TYPES type="integer" size="1">
         2
    </NUMBER_OF_TYPES>
    <NUMBER_OF_ATOMS type="integer" size="1">
         2
    </NUMBER_OF_ATOMS>
    <BRAVAIS_LATTICE_INDEX type="integer" size="1">
         2
    </BRAVAIS_LATTICE_INDEX>
    <SPIN_COMPONENTS type="integer" size="1">
         1
    </SPIN_COMPONENTS>
    <CELL_DIMENSIONS type="real" size="6">
 1.050000000000000E+001
 0.000000000000000E+000
 0.000000000000000E+000
 0.000000000000000E+000
 0.000000000000000E+000
 0.000000000000000E+000
    </CELL_DIMENSIONS>
    <AT type="real" size="9" columns="3">
-5.000000000000000E-001  0.000000000000000E+000  5.000000000000000E-001 
 0.000000000000000E+000  5.000000000000000E-001  5.000000000000000E-001 
-5.000000000000000E-001  5.000000000000000E-001  0.000000000000000E+000
    </AT>
    <BG type="real" size="9" columns="3">
-1.000000000000000E+000 -1.000000000000000E+000  1.000000000000000E+000 
 1.000000000000000E+000  1.000000000000000E+000  1.000000000000000E+000 
-1.000000000000000E+000  1.000000000000000E+000 -1.000000000000000E+000
    </BG>
    <UNIT_CELL_VOLUME_AU type="real" size="1">
 2.894062500000000E+002
    </UNIT_CELL_VOLUME_AU>
    <TYPE_NAME.1 type="character" size="1" len="3">
Al 
    </TYPE_NAME.1>
    <MASS.1 type="real" size="1">
 2.698000000000000E+001
    </MASS.1>
    <TYPE_NAME.2 type="character" size="1" len="3">
As 
    </TYPE_NAME.2>
    <MASS.2 type="real" size="1">
 7.492000000000000E+001
    </MASS.2>
    <ATOM.1 SPECIES="Al " INDEX="1" TAU="0.000000000000000E+000 0.000000000000000E+000 0.000000000000000E+000"/>
    <ATOM.2 SPECIES="As " INDEX="2" TAU="2.500000000000000E-001 2.500000000000000E-001 2.500000000000000E-001"/>
    <NUMBER_OF_Q type="integer" size="1">
         6
    </NUMBER_OF_Q>
  </GEOMETRY_INFO>
  <DIELECTRIC_PROPERTIES>
    <EPSILON type="real" size="9" columns="3">
-3.839187697611164E+005  2.910383045673370E-011 -2.910383045673370E-011 
 8.731149137020111E-011 -3.839187697611164E+005 -2.910383045673370E-011 
-8.731149137020111E-011 -2.910383045673370E-011 -3.839187697611164E+005
    </EPSILON>
    <ZSTAR>
      <Z_AT_.1 type="real" size="9" columns="3">
-1.131737106986388E+002 -5.728750807065806E-014  4.440892098500626E-016 
-4.218847493575595E-014 -1.131737106986388E+002  0.000000000000000E+000 
-4.440892098500626E-016 -1.332267629550188E-015 -1.131737106986388E+002
      </Z_AT_.1>
      <Z_AT_.2 type="real" size="9" columns="3">
 1.131737106986388E+002  5.728750807065806E-014 -4.440892098500626E-016 
 4.218847493575595E-014  1.131737106986388E+002  0.000000000000000E+000 
 4.440892098500626E-016  1.332267629550188E-015  1.131737106986388E+002
      </Z_AT_.2>
    </ZSTAR>
  </DIELECTRIC_PROPERTIES>
  <INTERATOMIC_FORCE_CONSTANTS>
    <MESH_NQ1_NQ2_NQ3 type="integer" size="3" columns="3">
         4          4          4
    </MESH_NQ1_NQ2_NQ3>
    <s_s1_m1_m2_m3.1.1.1.1.1>
      <IFC type="real" size="9" columns="3">
 2.324235206133626E-001 -1.951563910473908E-018  2.059984127722458E-018 
-1.951563910473908E-018  2.324235206133626E-001  3.252606517456513E-019 
 2.059984127722458E-018  3.252606517456513E-019  2.324235206133626E-001
      </IFC>
    </s_s1_m1_m2_m3.1.1.1.1.1>
    <s_s1_m1_m2_m3.1.1.2.1.1>
      <IFC type="real" size="9" columns="3">
-9.004692334171824E-004  3.406181679509686E-003  6.478295360342660E-003 
-3.406181679509683E-003  1.801037265042164E-002  3.406181679509683E-003 
 6.478295360342660E-003 -3.406181679509686E-003 -9.004692334171889E-004
      </IFC>
    </s_s1_m1_m2_m3.1.1.2.1.1>
    <s_s1_m1_m2_m3.1.1.3.1.1>
      <IFC type="real" size="9" columns="3">
 4.846445789985187E-003  3.794707603699266E-019  1.654631930184485E-003 
 3.794707603699266E-019  9.606690182795464E-003 -8.673617379884035E-019 
 1.654631930184485E-003 -8.673617379884035E-019  4.846445789985189E-003
      </IFC>
    </s_s1_m1_m2_m3.1.1.3.1.1>
    <s_s1_m1_m2_m3.1.1.4.1.1>
      <IFC type="real" size="9" columns="3">
-9.004692334171824E-004 -3.406181679509683E-003  6.478295360342660E-003 
 3.406181679509686E-003  1.801037265042164E-002 -3.406181679509686E-003 
 6.478295360342660E-003  3.406181679509683E-003 -9.004692334171889E-004
      </IFC>
    </s_s1_m1_m2_m3.1.1.4.1.1>
    <s_s1_m1_m2_m3.1.1.1.2.1>
      <IFC type="real" size="9" columns="3">
 1.801037265042164E-002 -3.406181679509684E-003 -3.406181679509685E-003 
 3.406181679509685E-003 -9.004692334171858E-004 -6.478295360342662E-003 
 3.406181679509684E-003 -6.478295360342662E-003 -9.004692334171876E-004
      </IFC>
    </s_s1_m1_m2_m3.1.1.1.2.1>
    <s_s1_m1_m2_m3.1.1.2.2.1>
      <IFC type="real" size="9" columns="3">
 4.553976826978076E-003 -7.676923585916831E-004  6.088293087315284E-004 
-7.676923585916831E-004  4.553976826978079E-003 -6.088293087315340E-004 
 1.530077426420207E-003 -1.530077426420214E-003  4.435216153545432E-003
      </IFC>
    </s_s1_m1_m2_m3.1.1.2.2.1>
    <s_s1_m1_m2_m3.1.1.3.2.1>
      <IFC type="real" size="9" columns="3">
 4.435216153545433E-003 -1.530077426420207E-003  1.530077426420209E-003 
-6.088293087315278E-004  4.553976826978084E-003 -7.676923585916831E-004 
 6.088293087315307E-004 -7.676923585916831E-004  4.553976826978077E-003
      </IFC>
    </s_s1_m1_m2_m3.1.1.3.2.1>
    <s_s1_m1_m2_m3.1.1.4.2.1>
      <IFC type="real" size="9" columns="3">
-9.004692334171854E-004 -6.478295360342661E-003  3.406181679509685E-003 
-6.478295360342661E-003 -9.004692334171819E-004  3.406181679509685E-003 
-3.406181679509685E-003 -3.406181679509685E-003  1.801037265042164E-002
      </IFC>
    </s_s1_m1_m2_m3.1.1.4.2.1>
    <s_s1_m1_m2_m3.1.1.1.3.1>
      <IFC type="real" size="9" columns="3">
 9.606690182795464E-003 -1.084202172485504E-018 -2.276824562219559E-018 
-1.084202172485504E-018  4.846445789985186E-003 -1.654631930184489E-003 
-2.276824562219559E-018 -1.654631930184489E-003  4.846445789985190E-003
      </IFC>
    </s_s1_m1_m2_m3.1.1.1.3.1>
    <s_s1_m1_m2_m3.1.1.2.3.1>
      <IFC type="real" size="9" columns="3">
 4.553976826978080E-003 -6.088293087315288E-004  7.676923585916831E-004 
-1.530077426420208E-003  4.435216153545429E-003 -1.530077426420212E-003 
 7.676923585916830E-004 -6.088293087315330E-004  4.553976826978077E-003
      </IFC>
    </s_s1_m1_m2_m3.1.1.2.3.1>
    <s_s1_m1_m2_m3.1.1.3.3.1>
      <IFC type="real" size="9" columns="3">
 4.846445789985201E-003 -1.654631930184487E-003 -7.589415207398531E-019 
-1.654631930184487E-003  4.846445789985197E-003  6.505213034913027E-019 
-7.589415207398531E-019  6.505213034913027E-019  9.606690182795460E-003
      </IFC>
    </s_s1_m1_m2_m3.1.1.3.3.1>
    <s_s1_m1_m2_m3.1.1.4.3.1>
      <IFC type="real" size="9" columns="3">
 4.553976826978080E-003 -1.530077426420208E-003  7.676923585916830E-004 
-6.088293087315288E-004  4.435216153545429E-003 -6.088293087315330E-004 
 7.676923585916831E-004 -1.530077426420212E-003  4.553976826978077E-003
      </IFC>
    </s_s1_m1_m2_m3.1.1.4.3.1>
    <s_s1_m1_m2_m3.1.1.1.4.1>
      <IFC type="real" size="9" columns="3">
 1.801037265042164E-002  3.406181679509685E-003  3.406181679509684E-003 
-3.406181679509684E-003 -9.004692334171858E-004 -6.478295360342662E-003 
-3.406181679509685E-003 -6.478295360342662E-003 -9.004692334171876E-004
      </IFC>
    </s_s1_m1_m2_m3.1.1.1.4.1>
    <s_s1_m1_m2_m3.1.1.2.4.1>
      <IFC type="real" size="9" columns="3">
-9.004692334171854E-004 -6.478295360342661E-003 -3.406181679509685E-003 
-6.478295360342661E-003 -9.004692334171819E-004 -3.406181679509685E-003 
 3.406181679509685E-003  3.406181679509685E-003  1.801037265042164E-002
      </IFC>
    </s_s1_m1_m2_m3.1.1.2.4.1>
    <s_s1_m1_m2_m3.1.1.3.4.1>
      <IFC type="real" size="9" columns="3">
 4.435216153545433E-003 -6.088293087315278E-004  6.088293087315307E-004 
-1.530077426420207E-003  4.553976826978084E-003 -7.676923585916831E-004 
 1.530077426420209E-003 -7.676923585916831E-004  4.553976826978077E-003
      </IFC>
    </s_s1_m1_m2_m3.1.1.3.4.1>
    <s_s1_m1_m2_m3.1.1.4.4.1>
      <IFC type="real" size="9" columns="3">
 4.553976826978076E-003 -7.676923585916831E-004  1.530077426420207E-003 
-7.676923585916831E-004  4.553976826978079E-003 -1.530077426420214E-003 
 6.088293087315284E-004 -6.088293087315340E-004  4.435216153545432E-003
      </IFC>
    </s_s1_m1_m2_m3.1.1.4.4.1>
    <s_s1_m1_m2_m3.1.1.1.1.2>
      <IFC type="real" size="9" columns="3">
-9.004692334171893E-004  6.478295360342663E-003  3.406181679509683E-003 
 6.478295360342663E-003 -9.004692334171893E-004 -3.406181679509687E-003 
-3.406181679509686E-003  3.406181679509682E-003  1.801037265042163E-002
      </IFC>
    </s_s1_m1_m2_m3.1.1.1.1.2>
    <s_s1_m1_m2_m3.1.1.2.1.2>
      <IFC type="real" size="9" columns="3">
 4.435216153545423E-003  1.530077426420207E-003  1.530077426420207E-003 
 6.088293087315275E-004  4.553976826978076E-003  7.676923585916810E-004 
 6.088293087315279E-004  7.676923585916806E-004  4.553976826978083E-003
      </IFC>
    </s_s1_m1_m2_m3.1.1.2.1.2>
    <s_s1_m1_m2_m3.1.1.3.1.2>
      <IFC type="real" size="9" columns="3">
 4.553976826978080E-003  7.676923585916841E-004  6.088293087315293E-004 
 7.676923585916841E-004  4.553976826978080E-003  6.088293087315272E-004 
 1.530077426420208E-003  1.530077426420206E-003  4.435216153545424E-003
      </IFC>
    </s_s1_m1_m2_m3.1.1.3.1.2>
    <s_s1_m1_m2_m3.1.1.4.1.2>
      <IFC type="real" size="9" columns="3">
 1.801037265042164E-002  3.406181679509685E-003 -3.406181679509685E-003 
-3.406181679509684E-003 -9.004692334171858E-004  6.478295360342662E-003 
 3.406181679509684E-003  6.478295360342663E-003 -9.004692334171889E-004
      </IFC>
    </s_s1_m1_m2_m3.1.1.4.1.2>
    <s_s1_m1_m2_m3.1.1.1.2.2>
      <IFC type="real" size="9" columns="3">
 4.553976826978067E-003  6.088293087315288E-004 -7.676923585916832E-004 
 1.530077426420207E-003  4.435216153545418E-003 -1.530077426420211E-003 
-7.676923585916828E-004 -6.088293087315323E-004  4.553976826978076E-003
      </IFC>
    </s_s1_m1_m2_m3.1.1.1.2.2>
    <s_s1_m1_m2_m3.1.1.2.2.2>
      <IFC type="real" size="9" columns="3">
 4.651288594766531E-003  2.927345865710862E-018  5.421010862427522E-020 
 2.927345865710862E-018  4.651288594766524E-003 -1.788933584601082E-018 
 1.626303258728257E-019 -1.680513367352532E-018  4.651288594766526E-003
      </IFC>
    </s_s1_m1_m2_m3.1.1.2.2.2>
    <s_s1_m1_m2_m3.1.1.3.2.2>
      <IFC type="real" size="9" columns="3">
 4.553976826978077E-003 -6.088293087315309E-004 -7.676923585916806E-004 
-1.530077426420210E-003  4.435216153545429E-003  1.530077426420209E-003 
-7.676923585916806E-004  6.088293087315302E-004  4.553976826978070E-003
      </IFC>
    </s_s1_m1_m2_m3.1.1.3.2.2>
    <s_s1_m1_m2_m3.1.1.4.2.2>
      <IFC type="real" size="9" columns="3">
 5.485035489553189E-003  2.385244779468110E-018 -1.084202172485504E-019 
 2.385244779468110E-018  3.653527794025752E-003  0.000000000000000E+000 
-2.168404344971009E-019 -1.084202172485504E-019  5.485035489553181E-003
      </IFC>
    </s_s1_m1_m2_m3.1.1.4.2.2>
    <s_s1_m1_m2_m3.1.1.1.3.2>
      <IFC type="real" size="9" columns="3">
 4.553976826978081E-003  7.676923585916841E-004 -6.088293087315297E-004 
 7.676923585916841E-004  4.553976826978078E-003 -6.088293087315316E-004 
-1.530077426420208E-003 -1.530077426420210E-003  4.435216153545422E-003
      </IFC>
    </s_s1_m1_m2_m3.1.1.1.3.2>
    <s_s1_m1_m2_m3.1.1.2.3.2>
      <IFC type="real" size="9" columns="3">
 4.435216153545429E-003 -1.530077426420211E-003 -1.530077426420208E-003 
-6.088293087315314E-004  4.553976826978084E-003  7.676923585916842E-004 
-6.088293087315287E-004  7.676923585916841E-004  4.553976826978063E-003
      </IFC>
    </s_s1_m1_m2_m3.1.1.2.3.2>
    <s_s1_m1_m2_m3.1.1.3.3.2>
      <IFC type="real" size="9" columns="3">
 4.611087582905171E-003 -3.243311514388873E-004 -2.989965843668094E-005 
-3.243311514388873E-004  4.611087582905171E-003  2.989965843667747E-005 
 2.989965843667813E-005 -2.989965843668159E-005  4.921901066589371E-003
      </IFC>
    </s_s1_m1_m2_m3.1.1.3.3.2>
    <s_s1_m1_m2_m3.1.1.4.3.2>
      <IFC type="real" size="9" columns="3">
 4.921901066589371E-003 -2.989965843667834E-005  2.989965843667715E-005 
 2.989965843668105E-005  4.611087582905169E-003 -3.243311514388911E-004 
-2.989965843668203E-005 -3.243311514388910E-004  4.611087582905166E-003
      </IFC>
    </s_s1_m1_m2_m3.1.1.4.3.2>
    <s_s1_m1_m2_m3.1.1.1.4.2>
      <IFC type="real" size="9" columns="3">
-9.004692334171858E-004 -3.406181679509685E-003 -6.478295360342662E-003 
 3.406181679509684E-003  1.801037265042164E-002  3.406181679509684E-003 
-6.478295360342662E-003 -3.406181679509685E-003 -9.004692334171806E-004
      </IFC>
    </s_s1_m1_m2_m3.1.1.1.4.2>
    <s_s1_m1_m2_m3.1.1.2.4.2>
      <IFC type="real" size="9" columns="3">
 3.653527794025752E-003  1.951563910473908E-018 -1.517883041479706E-018 
 1.951563910473908E-018  5.485035489553182E-003  5.421010862427522E-019 
-1.409462824231156E-018  6.505213034913027E-019  5.485035489553181E-003
      </IFC>
    </s_s1_m1_m2_m3.1.1.2.4.2>
    <s_s1_m1_m2_m3.1.1.3.4.2>
      <IFC type="real" size="9" columns="3">
 4.611087582905168E-003  2.989965843668019E-005  3.243311514388861E-004 
-2.989965843667888E-005  4.921901066589370E-003 -2.989965843668322E-005 
 3.243311514388861E-004  2.989965843667585E-005  4.611087582905157E-003
      </IFC>
    </s_s1_m1_m2_m3.1.1.3.4.2>
    <s_s1_m1_m2_m3.1.1.4.4.2>
      <IFC type="real" size="9" columns="3">
 5.485035489553182E-003  7.589415207398531E-019 -1.572093150103981E-018 
 7.589415207398531E-019  5.485035489553182E-003 -1.626303258728257E-019 
-1.680513367352532E-018 -2.710505431213761E-019  3.653527794025746E-003
      </IFC>
    </s_s1_m1_m2_m3.1.1.4.4.2>
    <s_s1_m1_m2_m3.1.1.1.1.3>
      <IFC type="real" size="9" columns="3">
 4.846445789985179E-003  1.654631930184485E-003 -4.228388472693467E-018 
 1.654631930184485E-003  4.846445789985179E-003 -1.192622389734055E-018 
-4.228388472693467E-018 -1.192622389734055E-018  9.606690182795474E-003
      </IFC>
    </s_s1_m1_m2_m3.1.1.1.1.3>
    <s_s1_m1_m2_m3.1.1.2.1.3>
      <IFC type="real" size="9" columns="3">
 4.553976826978072E-003  6.088293087315316E-004  7.676923585916815E-004 
 1.530077426420211E-003  4.435216153545423E-003  1.530077426420206E-003 
 7.676923585916810E-004  6.088293087315266E-004  4.553976826978069E-003
      </IFC>
    </s_s1_m1_m2_m3.1.1.2.1.3>
    <s_s1_m1_m2_m3.1.1.3.1.3>
      <IFC type="real" size="9" columns="3">
 9.606690182795467E-003 -5.421010862427522E-020 -2.276824562219559E-018 
-5.421010862427522E-020  4.846445789985191E-003  1.654631930184487E-003 
-2.276824562219559E-018  1.654631930184487E-003  4.846445789985189E-003
      </IFC>
    </s_s1_m1_m2_m3.1.1.3.1.3>
    <s_s1_m1_m2_m3.1.1.4.1.3>
      <IFC type="real" size="9" columns="3">
 4.553976826978072E-003  1.530077426420211E-003  7.676923585916810E-004 
 6.088293087315316E-004  4.435216153545423E-003  6.088293087315266E-004 
 7.676923585916815E-004  1.530077426420206E-003  4.553976826978069E-003
      </IFC>
    </s_s1_m1_m2_m3.1.1.4.1.3>
    <s_s1_m1_m2_m3.1.1.1.2.3>
      <IFC type="real" size="9" columns="3">
 4.435216153545422E-003  1.530077426420211E-003 -1.530077426420209E-003 
 6.088293087315327E-004  4.553976826978074E-003 -7.676923585916819E-004 
-6.088293087315301E-004 -7.676923585916815E-004  4.553976826978069E-003
      </IFC>
    </s_s1_m1_m2_m3.1.1.1.2.3>
    <s_s1_m1_m2_m3.1.1.2.2.3>
      <IFC type="real" size="9" columns="3">
 4.553976826978076E-003 -7.676923585916822E-004 -6.088293087315299E-004 
-7.676923585916822E-004  4.553976826978079E-003  6.088293087315295E-004 
-1.530077426420209E-003  1.530077426420209E-003  4.435216153545418E-003
      </IFC>
    </s_s1_m1_m2_m3.1.1.2.2.3>
    <s_s1_m1_m2_m3.1.1.3.2.3>
      <IFC type="real" size="9" columns="3">
 4.921901066589373E-003  2.989965843668149E-005  2.989965843667715E-005 
-2.989965843667758E-005  4.611087582905168E-003  3.243311514388904E-004 
-2.989965843668192E-005  3.243311514388904E-004  4.611087582905164E-003
      </IFC>
    </s_s1_m1_m2_m3.1.1.3.2.3>
    <s_s1_m1_m2_m3.1.1.4.2.3>
      <IFC type="real" size="9" columns="3">
 4.611087582905161E-003  3.243311514388916E-004 -2.989965843668333E-005 
 3.243311514388916E-004  4.611087582905165E-003 -2.989965843668138E-005 
 2.989965843667617E-005  2.989965843667769E-005  4.921901066589374E-003
      </IFC>
    </s_s1_m1_m2_m3.1.1.4.2.3>
    <s_s1_m1_m2_m3.1.1.1.3.3>
      <IFC type="real" size="9" columns="3">
 4.846445789985183E-003  1.084202172485504E-018 -1.654631930184486E-003 
 1.084202172485504E-018  9.606690182795467E-003  4.228388472693467E-018 
-1.654631930184486E-003  4.228388472693467E-018  4.846445789985190E-003
      </IFC>
    </s_s1_m1_m2_m3.1.1.1.3.3>
    <s_s1_m1_m2_m3.1.1.2.3.3>
      <IFC type="real" size="9" columns="3">
 4.611087582905173E-003 -2.989965843667661E-005 -3.243311514388917E-004 
 2.989965843668279E-005  4.921901066589371E-003 -2.989965843667932E-005 
-3.243311514388918E-004  2.989965843667975E-005  4.611087582905166E-003
      </IFC>
    </s_s1_m1_m2_m3.1.1.2.3.3>
    <s_s1_m1_m2_m3.1.1.3.3.3>
      <IFC type="real" size="9" columns="3">
 4.526061854567825E-003  1.301042606982605E-018 -1.192622389734055E-018 
 1.301042606982605E-018  4.526061854567828E-003 -1.301042606982605E-018 
-1.192622389734055E-018 -1.301042606982605E-018  4.526061854567809E-003
      </IFC>
    </s_s1_m1_m2_m3.1.1.3.3.3>
    <s_s1_m1_m2_m3.1.1.4.3.3>
      <IFC type="real" size="9" columns="3">
 4.611087582905173E-003  2.989965843668279E-005 -3.243311514388918E-004 
-2.989965843667661E-005  4.921901066589371E-003  2.989965843667975E-005 
-3.243311514388917E-004 -2.989965843667932E-005  4.611087582905166E-003
      </IFC>
    </s_s1_m1_m2_m3.1.1.4.3.3>
    <s_s1_m1_m2_m3.1.1.1.4.3>
      <IFC type="real" size="9" columns="3">
 4.435216153545422E-003  6.088293087315327E-004 -6.088293087315301E-004 
 1.530077426420211E-003  4.553976826978074E-003 -7.676923585916815E-004 
-1.530077426420209E-003 -7.676923585916819E-004  4.553976826978069E-003
      </IFC>
    </s_s1_m1_m2_m3.1.1.1.4.3>
    <s_s1_m1_m2_m3.1.1.2.4.3>
      <IFC type="real" size="9" columns="3">
 4.611087582905161E-003  3.243311514388916E-004  2.989965843667617E-005 
 3.243311514388916E-004  4.611087582905165E-003  2.989965843667769E-005 
-2.989965843668333E-005 -2.989965843668138E-005  4.921901066589374E-003
      </IFC>
    </s_s1_m1_m2_m3.1.1.2.4.3>
    <s_s1_m1_m2_m3.1.1.3.4.3>
      <IFC type="real" size="9" columns="3">
 4.921901066589373E-003 -2.989965843667758E-005 -2.989965843668192E-005 
 2.989965843668149E-005  4.611087582905168E-003  3.243311514388904E-004 
 2.989965843667715E-005  3.243311514388904E-004  4.611087582905164E-003
      </IFC>
    </s_s1_m1_m2_m3.1.1.3.4.3>
    <s_s1_m1_m2_m3.1.1.4.4.3>
      <IFC type="real" size="9" columns="3">
 4.553976826978076E-003 -7.676923585916822E-004 -1.530077426420209E-003 
-7.676923585916822E-004  4.553976826978079E-003  1.530077426420209E-003 
-6.088293087315299E-004  6.088293087315295E-004  4.435216153545418E-003
      </IFC>
    </s_s1_m1_m2_m3.1.1.4.4.3>
    <s_s1_m1_m2_m3.1.1.1.1.4>
      <IFC type="real" size="9" columns="3">
-9.004692334171893E-004  6.478295360342663E-003 -3.406181679509686E-003 
 6.478295360342663E-003 -9.004692334171893E-004  3.406181679509682E-003 
 3.406181679509683E-003 -3.406181679509687E-003  1.801037265042163E-002
      </IFC>
    </s_s1_m1_m2_m3.1.1.1.1.4>
    <s_s1_m1_m2_m3.1.1.2.1.4>
      <IFC type="real" size="9" columns="3">
 1.801037265042164E-002 -3.406181679509684E-003  3.406181679509684E-003 
 3.406181679509685E-003 -9.004692334171858E-004  6.478295360342663E-003 
-3.406181679509685E-003  6.478295360342662E-003 -9.004692334171889E-004
      </IFC>
    </s_s1_m1_m2_m3.1.1.2.1.4>
    <s_s1_m1_m2_m3.1.1.3.1.4>
      <IFC type="real" size="9" columns="3">
 4.553976826978080E-003  7.676923585916841E-004  1.530077426420208E-003 
 7.676923585916841E-004  4.553976826978080E-003  1.530077426420206E-003 
 6.088293087315293E-004  6.088293087315272E-004  4.435216153545424E-003
      </IFC>
    </s_s1_m1_m2_m3.1.1.3.1.4>
    <s_s1_m1_m2_m3.1.1.4.1.4>
      <IFC type="real" size="9" columns="3">
 4.435216153545423E-003  6.088293087315275E-004  6.088293087315279E-004 
 1.530077426420207E-003  4.553976826978076E-003  7.676923585916806E-004 
 1.530077426420207E-003  7.676923585916810E-004  4.553976826978083E-003
      </IFC>
    </s_s1_m1_m2_m3.1.1.4.1.4>
    <s_s1_m1_m2_m3.1.1.1.2.4>
      <IFC type="real" size="9" columns="3">
-9.004692334171858E-004  3.406181679509684E-003 -6.478295360342662E-003 
-3.406181679509685E-003  1.801037265042164E-002 -3.406181679509685E-003 
-6.478295360342662E-003  3.406181679509684E-003 -9.004692334171806E-004
      </IFC>
    </s_s1_m1_m2_m3.1.1.1.2.4>
    <s_s1_m1_m2_m3.1.1.2.2.4>
      <IFC type="real" size="9" columns="3">
 5.485035489553182E-003  7.589415207398531E-019 -1.680513367352532E-018 
 7.589415207398531E-019  5.485035489553182E-003 -2.710505431213761E-019 
-1.572093150103981E-018 -1.626303258728257E-019  3.653527794025746E-003
      </IFC>
    </s_s1_m1_m2_m3.1.1.2.2.4>
    <s_s1_m1_m2_m3.1.1.3.2.4>
      <IFC type="real" size="9" columns="3">
 4.611087582905168E-003 -2.989965843667888E-005  3.243311514388861E-004 
 2.989965843668019E-005  4.921901066589370E-003  2.989965843667585E-005 
 3.243311514388861E-004 -2.989965843668322E-005  4.611087582905157E-003
      </IFC>
    </s_s1_m1_m2_m3.1.1.3.2.4>
    <s_s1_m1_m2_m3.1.1.4.2.4>
      <IFC type="real" size="9" columns="3">
 3.653527794025752E-003  1.951563910473908E-018 -1.409462824231156E-018 
 1.951563910473908E-018  5.485035489553182E-003  6.505213034913027E-019 
-1.517883041479706E-018  5.421010862427522E-019  5.485035489553181E-003
      </IFC>
    </s_s1_m1_m2_m3.1.1.4.2.4>
    <s_s1_m1_m2_m3.1.1.1.3.4>
      <IFC type="real" size="9" columns="3">
 4.553976826978081E-003  7.676923585916841E-004 -1.530077426420208E-003 
 7.676923585916841E-004  4.553976826978078E-003 -1.530077426420210E-003 
-6.088293087315297E-004 -6.088293087315316E-004  4.435216153545422E-003
      </IFC>
    </s_s1_m1_m2_m3.1.1.1.3.4>
    <s_s1_m1_m2_m3.1.1.2.3.4>
      <IFC type="real" size="9" columns="3">
 4.921901066589371E-003  2.989965843668105E-005 -2.989965843668203E-005 
-2.989965843667834E-005  4.611087582905169E-003 -3.243311514388910E-004 
 2.989965843667715E-005 -3.243311514388911E-004  4.611087582905166E-003
      </IFC>
    </s_s1_m1_m2_m3.1.1.2.3.4>
    <s_s1_m1_m2_m3.1.1.3.3.4>
      <IFC type="real" size="9" columns="3">
 4.611087582905171E-003 -3.243311514388873E-004  2.989965843667813E-005 
-3.243311514388873E-004  4.611087582905171E-003 -2.989965843668159E-005 
-2.989965843668094E-005  2.989965843667747E-005  4.921901066589371E-003
      </IFC>
    </s_s1_m1_m2_m3.1.1.3.3.4>
    <s_s1_m1_m2_m3.1.1.4.3.4>
      <IFC type="real" size="9" columns="3">
 4.435216153545429E-003 -6.088293087315314E-004 -6.088293087315287E-004 
-1.530077426420211E-003  4.553976826978084E-003  7.676923585916841E-004 
-1.530077426420208E-003  7.676923585916842E-004  4.553976826978063E-003
      </IFC>
    </s_s1_m1_m2_m3.1.1.4.3.4>
    <s_s1_m1_m2_m3.1.1.1.4.4>
      <IFC type="real" size="9" columns="3">
 4.553976826978067E-003  1.530077426420207E-003 -7.676923585916828E-004 
 6.088293087315288E-004  4.435216153545418E-003 -6.088293087315323E-004 
-7.676923585916832E-004 -1.530077426420211E-003  4.553976826978076E-003
      </IFC>
    </s_s1_m1_m2_m3.1.1.1.4.4>
    <s_s1_m1_m2_m3.1.1.2.4.4>
      <IFC type="real" size="9" columns="3">
 5.485035489553189E-003  2.385244779468110E-018 -2.168404344971009E-019 
 2.385244779468110E-018  3.653527794025752E-003 -1.084202172485504E-019 
-1.084202172485504E-019  0.000000000000000E+000  5.485035489553181E-003
      </IFC>
    </s_s1_m1_m2_m3.1.1.2.4.4>
    <s_s1_m1_m2_m3.1.1.3.4.4>
      <IFC type="real" size="9" columns="3">
 4.553976826978077E-003 -1.530077426420210E-003 -7.676923585916806E-004 
-6.088293087315309E-004  4.435216153545429E-003  6.088293087315302E-004 
-7.676923585916806E-004  1.530077426420209E-003  4.553976826978070E-003
      </IFC>
    </s_s1_m1_m2_m3.1.1.3.4.4>
    <s_s1_m1_m2_m3.1.1.4.4.4>
      <IFC type="real" size="9" columns="3">
 4.651288594766531E-003  2.927345865710862E-018  1.626303258728257E-019 
 2.927345865710862E-018  4.651288594766524E-003 -1.680513367352532E-018 
 5.421010862427522E-020 -1.788933584601082E-018  4.651288594766526E-003
      </IFC>
    </s_s1_m1_m2_m3.1.1.4.4.4>
    <s_s1_m1_m2_m3.1.2.1.1.1>
      <IFC type="real" size="9" columns="3">
-5.801309851737028E-002 -4.001562384846447E-002 -4.001562384846447E-002 
-4.001562384846447E-002 -5.801309851737028E-002 -4.001562384846447E-002 
-4.001562384846447E-002 -4.001562384846447E-002 -5.801309851737028E-002
      </IFC>
    </s_s1_m1_m2_m3.1.2.1.1.1>
    <s_s1_m1_m2_m3.1.2.2.1.1>
      <IFC type="real" size="9" columns="3">
-1.680062334394717E-003  3.927600849415833E-004 -3.927600849415840E-004 
 1.462808943395300E-003 -4.817308519191013E-003 -9.004981601813299E-004 
-1.462808943395301E-003 -9.004981601813309E-004 -4.817308519191013E-003
      </IFC>
    </s_s1_m1_m2_m3.1.2.2.1.1>
    <s_s1_m1_m2_m3.1.2.3.1.1>
      <IFC type="real" size="9" columns="3">
-3.254223988462032E-003 -5.869022616363385E-005 -5.129074053639576E-004 
 3.373498974536457E-004 -3.768995847532275E-003  3.373498974536457E-004 
-5.129074053639581E-004 -5.869022616363781E-005 -3.254223988462037E-003
      </IFC>
    </s_s1_m1_m2_m3.1.2.3.1.1>
    <s_s1_m1_m2_m3.1.2.4.1.1>
      <IFC type="real" size="9" columns="3">
-4.817308519191018E-003 -9.004981601813296E-004 -1.462808943395301E-003 
-9.004981601813275E-004 -4.817308519191011E-003  1.462808943395299E-003 
-3.927600849415840E-004  3.927600849415827E-004 -1.680062334394721E-003
      </IFC>
    </s_s1_m1_m2_m3.1.2.4.1.1>
    <s_s1_m1_m2_m3.1.2.1.2.1>
      <IFC type="real" size="9" columns="3">
-5.801309851737028E-002  4.001562384846447E-002  4.001562384846447E-002 
 4.001562384846447E-002 -5.801309851737028E-002 -4.001562384846447E-002 
 4.001562384846447E-002 -4.001562384846447E-002 -5.801309851737027E-002
      </IFC>
    </s_s1_m1_m2_m3.1.2.1.2.1>
    <s_s1_m1_m2_m3.1.2.2.2.1>
      <IFC type="real" size="9" columns="3">
-2.191110568369982E-003 -2.563838513730650E-003 -1.434805497780989E-003 
 2.198213108839306E-004 -5.641206217646027E-003 -2.198213108839265E-004 
-1.434805497780989E-003  2.563838513730654E-003 -2.191110568369978E-003
      </IFC>
    </s_s1_m1_m2_m3.1.2.2.2.1>
    <s_s1_m1_m2_m3.1.2.3.2.1>
      <IFC type="real" size="9" columns="3">
-2.191110568369983E-003  2.563838513730656E-003 -1.434805497780987E-003 
-2.198213108839275E-004 -5.641206217646026E-003  2.198213108839290E-004 
-1.434805497780988E-003 -2.563838513730655E-003 -2.191110568369983E-003
      </IFC>
    </s_s1_m1_m2_m3.1.2.3.2.1>
    <s_s1_m1_m2_m3.1.2.4.2.1>
      <IFC type="real" size="9" columns="3">
-5.801309851737028E-002 -4.001562384846447E-002  4.001562384846447E-002 
-4.001562384846447E-002 -5.801309851737027E-002  4.001562384846447E-002 
 4.001562384846447E-002  4.001562384846447E-002 -5.801309851737027E-002
      </IFC>
    </s_s1_m1_m2_m3.1.2.4.2.1>
    <s_s1_m1_m2_m3.1.2.1.3.1>
      <IFC type="real" size="9" columns="3">
-5.641206217646029E-003  2.198213108839291E-004  2.198213108839300E-004 
-2.563838513730648E-003 -2.191110568369979E-003  1.434805497780988E-003 
-2.563838513730656E-003  1.434805497780987E-003 -2.191110568369981E-003
      </IFC>
    </s_s1_m1_m2_m3.1.2.1.3.1>
    <s_s1_m1_m2_m3.1.2.2.3.1>
      <IFC type="real" size="9" columns="3">
-2.749630816226084E-003  5.897649006524482E-004 -5.897649006524515E-004 
 5.897649006524483E-004 -2.749630816226084E-003  5.897649006524496E-004 
-5.897649006524524E-004  5.897649006524493E-004 -2.749630816226087E-003
      </IFC>
    </s_s1_m1_m2_m3.1.2.2.3.1>
    <s_s1_m1_m2_m3.1.2.3.3.1>
      <IFC type="real" size="9" columns="3">
-2.191110568369982E-003  1.434805497780987E-003 -2.563838513730651E-003 
 1.434805497780986E-003 -2.191110568369979E-003 -2.563838513730655E-003 
 2.198213108839311E-004  2.198213108839229E-004 -5.641206217646028E-003
      </IFC>
    </s_s1_m1_m2_m3.1.2.3.3.1>
    <s_s1_m1_m2_m3.1.2.4.3.1>
      <IFC type="real" size="9" columns="3">
-4.817308519191012E-003  1.462808943395301E-003  9.004981601813309E-004 
 3.927600849415854E-004 -1.680062334394713E-003  3.927600849415834E-004 
 9.004981601813304E-004  1.462808943395299E-003 -4.817308519191012E-003
      </IFC>
    </s_s1_m1_m2_m3.1.2.4.3.1>
    <s_s1_m1_m2_m3.1.2.1.4.1>
      <IFC type="real" size="9" columns="3">
-5.641206217646033E-003 -2.198213108839278E-004 -2.198213108839299E-004 
 2.563838513730652E-003 -2.191110568369987E-003  1.434805497780990E-003 
 2.563838513730658E-003  1.434805497780987E-003 -2.191110568369988E-003
      </IFC>
    </s_s1_m1_m2_m3.1.2.1.4.1>
    <s_s1_m1_m2_m3.1.2.2.4.1>
      <IFC type="real" size="9" columns="3">
-2.191110568369986E-003  1.434805497780992E-003  2.563838513730657E-003 
 1.434805497780990E-003 -2.191110568369983E-003  2.563838513730652E-003 
-2.198213108839239E-004 -2.198213108839276E-004 -5.641206217646035E-003
      </IFC>
    </s_s1_m1_m2_m3.1.2.2.4.1>
    <s_s1_m1_m2_m3.1.2.3.4.1>
      <IFC type="real" size="9" columns="3">
-3.254223988462035E-003  5.129074053639581E-004  5.869022616363428E-005 
 5.129074053639577E-004 -3.254223988462032E-003 -5.869022616363472E-005 
-3.373498974536459E-004  3.373498974536446E-004 -3.768995847532288E-003
      </IFC>
    </s_s1_m1_m2_m3.1.2.3.4.1>
    <s_s1_m1_m2_m3.1.2.4.4.1>
      <IFC type="real" size="9" columns="3">
-3.768995847532277E-003  3.373498974536459E-004 -3.373498974536468E-004 
-5.869022616363830E-005 -3.254223988462032E-003  5.129074053639576E-004 
 5.869022616363396E-005  5.129074053639602E-004 -3.254223988462037E-003
      </IFC>
    </s_s1_m1_m2_m3.1.2.4.4.1>
    <s_s1_m1_m2_m3.1.2.1.1.2>
      <IFC type="real" size="9" columns="3">
-1.680062334394714E-003 -3.927600849415796E-004  3.927600849415840E-004 
-1.462808943395300E-003 -4.817308519191017E-003 -9.004981601813296E-004 
 1.462808943395300E-003 -9.004981601813287E-004 -4.817308519191016E-003
      </IFC>
    </s_s1_m1_m2_m3.1.2.1.1.2>
    <s_s1_m1_m2_m3.1.2.2.1.2>
      <IFC type="real" size="9" columns="3">
-2.882447637770071E-003 -2.374691296451204E-004 -2.374691296451194E-004 
-2.503825084625061E-004 -3.334287419828891E-003 -2.522269742856685E-004 
-2.503825084625039E-004 -2.522269742856690E-004 -3.334287419828890E-003
      </IFC>
    </s_s1_m1_m2_m3.1.2.2.1.2>
    <s_s1_m1_m2_m3.1.2.3.1.2>
      <IFC type="real" size="9" columns="3">
-3.334287419828892E-003 -2.522269742856670E-004 -2.503825084625032E-004 
-2.522269742856668E-004 -3.334287419828890E-003 -2.503825084625064E-004 
-2.374691296451194E-004 -2.374691296451248E-004 -2.882447637770079E-003
      </IFC>
    </s_s1_m1_m2_m3.1.2.3.1.2>
    <s_s1_m1_m2_m3.1.2.4.1.2>
      <IFC type="real" size="9" columns="3">
-4.817308519191017E-003 -9.004981601813310E-004  1.462808943395300E-003 
-9.004981601813314E-004 -4.817308519191013E-003 -1.462808943395300E-003 
 3.927600849415849E-004 -3.927600849415827E-004 -1.680062334394721E-003
      </IFC>
    </s_s1_m1_m2_m3.1.2.4.1.2>
    <s_s1_m1_m2_m3.1.2.1.2.2>
      <IFC type="real" size="9" columns="3">
-2.191110568369979E-003 -1.434805497780987E-003 -2.563838513730654E-003 
-1.434805497780987E-003 -2.191110568369979E-003  2.563838513730658E-003 
 2.198213108839248E-004 -2.198213108839282E-004 -5.641206217646029E-003
      </IFC>
    </s_s1_m1_m2_m3.1.2.1.2.2>
    <s_s1_m1_m2_m3.1.2.2.2.2>
      <IFC type="real" size="9" columns="3">
-2.749630816226084E-003 -5.897649006524479E-004 -5.897649006524472E-004 
-5.897649006524478E-004 -2.749630816226083E-003 -5.897649006524502E-004 
-5.897649006524487E-004 -5.897649006524517E-004 -2.749630816226081E-003
      </IFC>
    </s_s1_m1_m2_m3.1.2.2.2.2>
    <s_s1_m1_m2_m3.1.2.3.2.2>
      <IFC type="real" size="9" columns="3">
-5.641206217646029E-003 -2.198213108839282E-004  2.198213108839303E-004 
 2.563838513730653E-003 -2.191110568369979E-003 -1.434805497780990E-003 
-2.563838513730652E-003 -1.434805497780990E-003 -2.191110568369985E-003
      </IFC>
    </s_s1_m1_m2_m3.1.2.3.2.2>
    <s_s1_m1_m2_m3.1.2.4.2.2>
      <IFC type="real" size="9" columns="3">
-4.817308519191011E-003 -1.462808943395301E-003  9.004981601813307E-004 
-3.927600849415811E-004 -1.680062334394714E-003 -3.927600849415837E-004 
 9.004981601813283E-004 -1.462808943395304E-003 -4.817308519191015E-003
      </IFC>
    </s_s1_m1_m2_m3.1.2.4.2.2>
    <s_s1_m1_m2_m3.1.2.1.3.2>
      <IFC type="real" size="9" columns="3">
-2.749630816226084E-003 -5.897649006524506E-004  5.897649006524480E-004 
-5.897649006524506E-004 -2.749630816226085E-003  5.897649006524489E-004 
 5.897649006524511E-004  5.897649006524506E-004 -2.749630816226081E-003
      </IFC>
    </s_s1_m1_m2_m3.1.2.1.3.2>
    <s_s1_m1_m2_m3.1.2.2.3.2>
      <IFC type="real" size="9" columns="3">
-2.749630816226086E-003  5.897649006524487E-004  5.897649006524485E-004 
 5.897649006524490E-004 -2.749630816226081E-003 -5.897649006524499E-004 
 5.897649006524488E-004 -5.897649006524502E-004 -2.749630816226082E-003
      </IFC>
    </s_s1_m1_m2_m3.1.2.2.3.2>
    <s_s1_m1_m2_m3.1.2.3.3.2>
      <IFC type="real" size="9" columns="3">
-3.334287419828891E-003  2.503825084625049E-004  2.522269742856649E-004 
 2.374691296451190E-004 -2.882447637770073E-003 -2.374691296451216E-004 
 2.522269742856660E-004 -2.503825084625062E-004 -3.334287419828889E-003
      </IFC>
    </s_s1_m1_m2_m3.1.2.3.3.2>
    <s_s1_m1_m2_m3.1.2.4.3.2>
      <IFC type="real" size="9" columns="3">
-3.334287419828891E-003 -2.503825084625021E-004  2.522269742856653E-004 
-2.374691296451198E-004 -2.882447637770075E-003  2.374691296451208E-004 
 2.522269742856648E-004  2.503825084625029E-004 -3.334287419828890E-003
      </IFC>
    </s_s1_m1_m2_m3.1.2.4.3.2>
    <s_s1_m1_m2_m3.1.2.1.4.2>
      <IFC type="real" size="9" columns="3">
-2.191110568369983E-003  2.563838513730655E-003  1.434805497780993E-003 
-2.198213108839270E-004 -5.641206217646030E-003 -2.198213108839320E-004 
 1.434805497780988E-003  2.563838513730653E-003 -2.191110568369986E-003
      </IFC>
    </s_s1_m1_m2_m3.1.2.1.4.2>
    <s_s1_m1_m2_m3.1.2.2.4.2>
      <IFC type="real" size="9" columns="3">
-2.882447637770076E-003  2.374691296451208E-004  2.374691296451234E-004 
 2.503825084625066E-004 -3.334287419828892E-003 -2.522269742856647E-004 
 2.503825084625068E-004 -2.522269742856675E-004 -3.334287419828894E-003
      </IFC>
    </s_s1_m1_m2_m3.1.2.2.4.2>
    <s_s1_m1_m2_m3.1.2.3.4.2>
      <IFC type="real" size="9" columns="3">
-3.292089263111471E-003  1.702265744189623E-005 -1.702265744189189E-005 
 1.702265744189509E-005 -3.292089263111472E-003  1.702265744189400E-005 
-1.702265744189276E-005  1.702265744189433E-005 -3.292089263111473E-003
      </IFC>
    </s_s1_m1_m2_m3.1.2.3.4.2>
    <s_s1_m1_m2_m3.1.2.4.4.2>
      <IFC type="real" size="9" columns="3">
-3.334287419828896E-003 -2.522269742856665E-004  2.503825084625080E-004 
-2.522269742856649E-004 -3.334287419828893E-003  2.503825084625040E-004 
 2.374691296451213E-004  2.374691296451199E-004 -2.882447637770077E-003
      </IFC>
    </s_s1_m1_m2_m3.1.2.4.4.2>
    <s_s1_m1_m2_m3.1.2.1.1.3>
      <IFC type="real" size="9" columns="3">
-3.254223988462032E-003 -5.129074053639576E-004 -5.869022616363309E-005 
-5.129074053639576E-004 -3.254223988462035E-003 -5.869022616363656E-005 
 3.373498974536468E-004  3.373498974536468E-004 -3.768995847532278E-003
      </IFC>
    </s_s1_m1_m2_m3.1.2.1.1.3>
    <s_s1_m1_m2_m3.1.2.2.1.3>
      <IFC type="real" size="9" columns="3">
-3.334287419828888E-003 -2.503825084625063E-004 -2.522269742856668E-004 
-2.374691296451206E-004 -2.882447637770073E-003 -2.374691296451232E-004 
-2.522269742856660E-004 -2.503825084625069E-004 -3.334287419828891E-003
      </IFC>
    </s_s1_m1_m2_m3.1.2.2.1.3>
    <s_s1_m1_m2_m3.1.2.3.1.3>
      <IFC type="real" size="9" columns="3">
-3.768995847532275E-003  3.373498974536471E-004  3.373498974536476E-004 
-5.869022616363331E-005 -3.254223988462032E-003 -5.129074053639596E-004 
-5.869022616363347E-005 -5.129074053639585E-004 -3.254223988462032E-003
      </IFC>
    </s_s1_m1_m2_m3.1.2.3.1.3>
    <s_s1_m1_m2_m3.1.2.4.1.3>
      <IFC type="real" size="9" columns="3">
-3.331642034158110E-003 -2.862732957425347E-004  2.862732957425377E-004 
-2.862732957425357E-004 -3.331642034158113E-003 -2.862732957425355E-004 
 2.862732957425374E-004 -2.862732957425334E-004 -3.331642034158110E-003
      </IFC>
    </s_s1_m1_m2_m3.1.2.4.1.3>
    <s_s1_m1_m2_m3.1.2.1.2.3>
      <IFC type="real" size="9" columns="3">
-2.191110568369979E-003 -1.434805497780987E-003  2.563838513730654E-003 
-1.434805497780980E-003 -2.191110568369979E-003 -2.563838513730651E-003 
-2.198213108839248E-004  2.198213108839248E-004 -5.641206217646032E-003
      </IFC>
    </s_s1_m1_m2_m3.1.2.1.2.3>
    <s_s1_m1_m2_m3.1.2.2.2.3>
      <IFC type="real" size="9" columns="3">
-5.641206217646028E-003  2.198213108839278E-004 -2.198213108839256E-004 
-2.563838513730655E-003 -2.191110568369981E-003 -1.434805497780988E-003 
 2.563838513730657E-003 -1.434805497780991E-003 -2.191110568369984E-003
      </IFC>
    </s_s1_m1_m2_m3.1.2.2.2.3>
    <s_s1_m1_m2_m3.1.2.3.2.3>
      <IFC type="real" size="9" columns="3">
-3.768995847532277E-003 -3.373498974536487E-004 -3.373498974536471E-004 
 5.869022616363212E-005 -3.254223988462033E-003 -5.129074053639621E-004 
 5.869022616363580E-005 -5.129074053639607E-004 -3.254223988462035E-003
      </IFC>
    </s_s1_m1_m2_m3.1.2.3.2.3>
    <s_s1_m1_m2_m3.1.2.4.2.3>
      <IFC type="real" size="9" columns="3">
-3.254223988462028E-003 -5.129074053639576E-004  5.869022616363309E-005 
-5.129074053639611E-004 -3.254223988462038E-003  5.869022616363309E-005 
-3.373498974536468E-004 -3.373498974536468E-004 -3.768995847532281E-003
      </IFC>
    </s_s1_m1_m2_m3.1.2.4.2.3>
    <s_s1_m1_m2_m3.1.2.1.3.3>
      <IFC type="real" size="9" columns="3">
-2.191110568369981E-003 -2.563838513730653E-003  1.434805497780989E-003 
 2.198213108839256E-004 -5.641206217646026E-003  2.198213108839256E-004 
 1.434805497780991E-003 -2.563838513730655E-003 -2.191110568369984E-003
      </IFC>
    </s_s1_m1_m2_m3.1.2.1.3.3>
    <s_s1_m1_m2_m3.1.2.2.3.3>
      <IFC type="real" size="9" columns="3">
-3.334287419828894E-003  2.522269742856654E-004  2.503825084625072E-004 
 2.522269742856663E-004 -3.334287419828892E-003 -2.503825084625057E-004 
 2.374691296451202E-004 -2.374691296451190E-004 -2.882447637770075E-003
      </IFC>
    </s_s1_m1_m2_m3.1.2.2.3.3>
    <s_s1_m1_m2_m3.1.2.3.3.3>
      <IFC type="real" size="9" columns="3">
-3.292089263111471E-003 -1.702265744189249E-005 -1.702265744189151E-005 
-1.702265744189433E-005 -3.292089263111476E-003 -1.702265744189346E-005 
-1.702265744189568E-005 -1.702265744189482E-005 -3.292089263111472E-003
      </IFC>
    </s_s1_m1_m2_m3.1.2.3.3.3>
    <s_s1_m1_m2_m3.1.2.4.3.3>
      <IFC type="real" size="9" columns="3">
-2.882447637770074E-003 -2.374691296451190E-004  2.374691296451194E-004 
-2.503825084625041E-004 -3.334287419828894E-003  2.522269742856645E-004 
 2.503825084625033E-004  2.522269742856668E-004 -3.334287419828895E-003
      </IFC>
    </s_s1_m1_m2_m3.1.2.4.3.3>
    <s_s1_m1_m2_m3.1.2.1.4.3>
      <IFC type="real" size="9" columns="3">
-3.254223988462034E-003  5.869022616363179E-005  5.129074053639560E-004 
-3.373498974536472E-004 -3.768995847532279E-003  3.373498974536465E-004 
 5.129074053639598E-004 -5.869022616363526E-005 -3.254223988462033E-003
      </IFC>
    </s_s1_m1_m2_m3.1.2.1.4.3>
    <s_s1_m1_m2_m3.1.2.2.4.3>
      <IFC type="real" size="9" columns="3">
-3.292089263111471E-003 -1.702265744189194E-005  1.702265744189628E-005 
-1.702265744189389E-005 -3.292089263111473E-003  1.702265744189108E-005 
