<?xml version="1.0"?>
<?iotk version="1.2.0"?>
<?iotk file_version="1.0"?>
<?iotk binary="F"?>
<?iotk qe_syntax="F"?>
<Root>
  <GEOMETRY_INFO>
    <NUMBER_OF_TYPES type="integer" size="1">
         2
    </NUMBER_OF_TYPES>
    <NUMBER_OF_ATOMS type="integer" size="1">
         2
    </NUMBER_OF_ATOMS>
    <BRAVAIS_LATTICE_INDEX type="integer" size="1">
         2
    </BRAVAIS_LATTICE_INDEX>
    <SPIN_COMPONENTS type="integer" size="1">
         1
    </SPIN_COMPONENTS>
    <CELL_DIMENSIONS type="real" size="6">
 1.050000000000000E+001
 0.000000000000000E+000
 0.000000000000000E+000
 0.000000000000000E+000
 0.000000000000000E+000
 0.000000000000000E+000
    </CELL_DIMENSIONS>
    <AT type="real" size="9" columns="3">
-5.000000000000000E-001  0.000000000000000E+000  5.000000000000000E-001 
 0.000000000000000E+000  5.000000000000000E-001  5.000000000000000E-001 
-5.000000000000000E-001  5.000000000000000E-001  0.000000000000000E+000
    </AT>
    <BG type="real" size="9" columns="3">
-1.000000000000000E+000 -1.000000000000000E+000  1.000000000000000E+000 
 1.000000000000000E+000  1.000000000000000E+000  1.000000000000000E+000 
-1.000000000000000E+000  1.000000000000000E+000 -1.000000000000000E+000
    </BG>
    <UNIT_CELL_VOLUME_AU type="real" size="1">
 2.894062500000000E+002
    </UNIT_CELL_VOLUME_AU>
    <TYPE_NAME.1 type="character" size="1" len="3">
Al 
    </TYPE_NAME.1>
    <MASS.1 type="real" size="1">
 2.698000000000000E+001
    </MASS.1>
    <TYPE_NAME.2 type="character" size="1" len="3">
As 
    </TYPE_NAME.2>
    <MASS.2 type="real" size="1">
 7.492000000000000E+001
    </MASS.2>
    <ATOM.1 SPECIES="Al " INDEX="1" TAU="0.000000000000000E+000 0.000000000000000E+000 0.000000000000000E+000"/>
    <ATOM.2 SPECIES="As " INDEX="2" TAU="2.500000000000000E-001 2.500000000000000E-001 2.500000000000000E-001"/>
    <NUMBER_OF_Q type="integer" size="1">
         6
    </NUMBER_OF_Q>
  </GEOMETRY_INFO>
  <DIELECTRIC_PROPERTIES>
    <EPSILON type="real" size="9" columns="3">
-7.289950398080038E+006 -3.259629011154175E-009 -4.656612873077393E-010 
-4.656612873077393E-010 -7.289950398080040E+006 -4.656612873077393E-010 
-2.328306436538696E-009 -2.328306436538696E-009 -7.289950398080040E+006
    </EPSILON>
    <ZSTAR>
      <Z_AT_.1 type="real" size="9" columns="3">
-7.566329854855730E+002 -1.172395514004166E-013 -7.105427357601000E-015 
 5.684341886080800E-014 -7.566329854855736E+002 -4.476419235288631E-013 
 2.771116669464391E-013 -3.304023721284466E-013 -7.566329854855732E+002
      </Z_AT_.1>
      <Z_AT_.2 type="real" size="9" columns="3">
 7.566329854855732E+002  1.172395514004166E-013  7.105427357601000E-015 
-5.684341886080800E-014  7.566329854855736E+002  4.476419235288631E-013 
-2.771116669464391E-013  3.304023721284466E-013  7.566329854855732E+002
      </Z_AT_.2>
    </ZSTAR>
  </DIELECTRIC_PROPERTIES>
  <INTERATOMIC_FORCE_CONSTANTS>
    <MESH_NQ1_NQ2_NQ3 type="integer" size="3" columns="3">
         4          4          4
    </MESH_NQ1_NQ2_NQ3>
    <s_s1_m1_m2_m3.1.1.1.1.1>
      <IFC type="real" size="9" columns="3">
 2.314102117322178E-001  2.927345865710862E-018 -1.843143693225358E-018 
 2.927345865710862E-018  2.314102117322178E-001 -1.951563910473908E-018 
-1.843143693225358E-018 -1.951563910473908E-018  2.314102117322178E-001
      </IFC>
    </s_s1_m1_m2_m3.1.1.1.1.1>
    <s_s1_m1_m2_m3.1.1.2.1.1>
      <IFC type="real" size="9" columns="3">
-1.907127163736281E-003  3.410056105899086E-003  6.477183924101439E-003 
-3.410056105899084E-003  1.700382931903372E-002  3.410056105899083E-003 
 6.477183924101439E-003 -3.410056105899087E-003 -1.907127163736279E-003
      </IFC>
    </s_s1_m1_m2_m3.1.1.2.1.1>
    <s_s1_m1_m2_m3.1.1.3.1.1>
      <IFC type="real" size="9" columns="3">
 3.843583652309824E-003 -2.385244779468110E-018  1.654581073017437E-003 
-2.385244779468110E-018  8.598612093147665E-003  1.409462824231156E-018 
 1.654581073017437E-003  1.409462824231156E-018  3.843583652309820E-003
      </IFC>
    </s_s1_m1_m2_m3.1.1.3.1.1>
    <s_s1_m1_m2_m3.1.1.4.1.1>
      <IFC type="real" size="9" columns="3">
-1.907127163736281E-003 -3.410056105899084E-003  6.477183924101439E-003 
 3.410056105899086E-003  1.700382931903372E-002 -3.410056105899087E-003 
 6.477183924101439E-003  3.410056105899083E-003 -1.907127163736279E-003
      </IFC>
    </s_s1_m1_m2_m3.1.1.4.1.1>
    <s_s1_m1_m2_m3.1.1.1.2.1>
      <IFC type="real" size="9" columns="3">
 1.700382931903371E-002 -3.410056105899084E-003 -3.410056105899087E-003 
 3.410056105899086E-003 -1.907127163736283E-003 -6.477183924101440E-003 
 3.410056105899084E-003 -6.477183924101440E-003 -1.907127163736285E-003
      </IFC>
    </s_s1_m1_m2_m3.1.1.1.2.1>
    <s_s1_m1_m2_m3.1.1.2.2.1>
      <IFC type="real" size="9" columns="3">
 3.547330461058570E-003 -7.688039100847764E-004  6.049454611388805E-004 
-7.688039100847766E-004  3.547330461058569E-003 -6.049454611388829E-004 
 1.533897253649685E-003 -1.533897253649688E-003  3.428533262215227E-003
      </IFC>
    </s_s1_m1_m2_m3.1.1.2.2.1>
    <s_s1_m1_m2_m3.1.1.3.2.1>
      <IFC type="real" size="9" columns="3">
 3.428533262215221E-003 -1.533897253649687E-003  1.533897253649685E-003 
-6.049454611388817E-004  3.547330461058568E-003 -7.688039100847801E-004 
 6.049454611388799E-004 -7.688039100847801E-004  3.547330461058566E-003
      </IFC>
    </s_s1_m1_m2_m3.1.1.3.2.1>
    <s_s1_m1_m2_m3.1.1.4.2.1>
      <IFC type="real" size="9" columns="3">
-1.907127163736279E-003 -6.477183924101440E-003  3.410056105899084E-003 
-6.477183924101440E-003 -1.907127163736280E-003  3.410056105899084E-003 
-3.410056105899087E-003 -3.410056105899085E-003  1.700382931903371E-002
      </IFC>
    </s_s1_m1_m2_m3.1.1.4.2.1>
    <s_s1_m1_m2_m3.1.1.1.3.1>
      <IFC type="real" size="9" columns="3">
 8.598612093147662E-003  7.589415207398531E-019 -3.469446951953614E-018 
 7.589415207398531E-019  3.843583652309836E-003 -1.654581073017440E-003 
-3.469446951953614E-018 -1.654581073017440E-003  3.843583652309829E-003
      </IFC>
    </s_s1_m1_m2_m3.1.1.1.3.1>
    <s_s1_m1_m2_m3.1.1.2.3.1>
      <IFC type="real" size="9" columns="3">
 3.547330461058567E-003 -6.049454611388816E-004  7.688039100847739E-004 
-1.533897253649686E-003  3.428533262215222E-003 -1.533897253649689E-003 
 7.688039100847740E-004 -6.049454611388840E-004  3.547330461058570E-003
      </IFC>
    </s_s1_m1_m2_m3.1.1.2.3.1>
    <s_s1_m1_m2_m3.1.1.3.3.1>
      <IFC type="real" size="9" columns="3">
 3.843583652309824E-003 -1.654581073017437E-003 -9.215718466126788E-019 
-1.654581073017437E-003  3.843583652309832E-003  3.089976191583688E-018 
-9.215718466126788E-019  3.089976191583688E-018  8.598612093147674E-003
      </IFC>
    </s_s1_m1_m2_m3.1.1.3.3.1>
    <s_s1_m1_m2_m3.1.1.4.3.1>
      <IFC type="real" size="9" columns="3">
 3.547330461058567E-003 -1.533897253649686E-003  7.688039100847740E-004 
-6.049454611388816E-004  3.428533262215222E-003 -6.049454611388840E-004 
 7.688039100847739E-004 -1.533897253649689E-003  3.547330461058570E-003
      </IFC>
    </s_s1_m1_m2_m3.1.1.4.3.1>
    <s_s1_m1_m2_m3.1.1.1.4.1>
      <IFC type="real" size="9" columns="3">
 1.700382931903371E-002  3.410056105899086E-003  3.410056105899084E-003 
-3.410056105899084E-003 -1.907127163736283E-003 -6.477183924101440E-003 
-3.410056105899087E-003 -6.477183924101440E-003 -1.907127163736285E-003
      </IFC>
    </s_s1_m1_m2_m3.1.1.1.4.1>
    <s_s1_m1_m2_m3.1.1.2.4.1>
      <IFC type="real" size="9" columns="3">
-1.907127163736279E-003 -6.477183924101440E-003 -3.410056105899087E-003 
-6.477183924101440E-003 -1.907127163736280E-003 -3.410056105899085E-003 
 3.410056105899084E-003  3.410056105899084E-003  1.700382931903371E-002
      </IFC>
    </s_s1_m1_m2_m3.1.1.2.4.1>
    <s_s1_m1_m2_m3.1.1.3.4.1>
      <IFC type="real" size="9" columns="3">
 3.428533262215221E-003 -6.049454611388817E-004  6.049454611388799E-004 
-1.533897253649687E-003  3.547330461058568E-003 -7.688039100847801E-004 
 1.533897253649685E-003 -7.688039100847801E-004  3.547330461058566E-003
      </IFC>
    </s_s1_m1_m2_m3.1.1.3.4.1>
    <s_s1_m1_m2_m3.1.1.4.4.1>
      <IFC type="real" size="9" columns="3">
 3.547330461058570E-003 -7.688039100847766E-004  1.533897253649685E-003 
-7.688039100847764E-004  3.547330461058569E-003 -1.533897253649688E-003 
 6.049454611388805E-004 -6.049454611388829E-004  3.428533262215227E-003
      </IFC>
    </s_s1_m1_m2_m3.1.1.4.4.1>
    <s_s1_m1_m2_m3.1.1.1.1.2>
      <IFC type="real" size="9" columns="3">
-1.907127163736283E-003  6.477183924101440E-003  3.410056105899084E-003 
 6.477183924101440E-003 -1.907127163736283E-003 -3.410056105899088E-003 
-3.410056105899085E-003  3.410056105899082E-003  1.700382931903372E-002
      </IFC>
    </s_s1_m1_m2_m3.1.1.1.1.2>
    <s_s1_m1_m2_m3.1.1.2.1.2>
      <IFC type="real" size="9" columns="3">
 3.428533262215223E-003  1.533897253649688E-003  1.533897253649687E-003 
 6.049454611388838E-004  3.547330461058569E-003  7.688039100847781E-004 
 6.049454611388818E-004  7.688039100847781E-004  3.547330461058570E-003
      </IFC>
    </s_s1_m1_m2_m3.1.1.2.1.2>
    <s_s1_m1_m2_m3.1.1.3.1.2>
      <IFC type="real" size="9" columns="3">
 3.547330461058569E-003  7.688039100847776E-004  6.049454611388804E-004 
 7.688039100847776E-004  3.547330461058568E-003  6.049454611388806E-004 
 1.533897253649685E-003  1.533897253649686E-003  3.428533262215214E-003
      </IFC>
    </s_s1_m1_m2_m3.1.1.3.1.2>
    <s_s1_m1_m2_m3.1.1.4.1.2>
      <IFC type="real" size="9" columns="3">
 1.700382931903372E-002  3.410056105899086E-003 -3.410056105899086E-003 
-3.410056105899084E-003 -1.907127163736280E-003  6.477183924101439E-003 
 3.410056105899084E-003  6.477183924101439E-003 -1.907127163736286E-003
      </IFC>
    </s_s1_m1_m2_m3.1.1.4.1.2>
    <s_s1_m1_m2_m3.1.1.1.2.2>
      <IFC type="real" size="9" columns="3">
 3.547330461058566E-003  6.049454611388827E-004 -7.688039100847803E-004 
 1.533897253649688E-003  3.428533262215223E-003 -1.533897253649690E-003 
-7.688039100847803E-004 -6.049454611388842E-004  3.547330461058573E-003
      </IFC>
    </s_s1_m1_m2_m3.1.1.1.2.2>
    <s_s1_m1_m2_m3.1.1.2.2.2>
      <IFC type="real" size="9" columns="3">
 3.638446811079366E-003  2.385244779468110E-018 -4.716279450311944E-018 
 2.385244779468110E-018  3.638446811079361E-003 -2.764715539838036E-018 
-4.770489558936220E-018 -2.818925648462312E-018  3.638446811079366E-003
      </IFC>
    </s_s1_m1_m2_m3.1.1.2.2.2>
    <s_s1_m1_m2_m3.1.1.3.2.2>
      <IFC type="real" size="9" columns="3">
 3.547330461058566E-003 -6.049454611388815E-004 -7.688039100847797E-004 
-1.533897253649687E-003  3.428533262215219E-003  1.533897253649687E-003 
-7.688039100847797E-004  6.049454611388820E-004  3.547330461058566E-003
      </IFC>
    </s_s1_m1_m2_m3.1.1.3.2.2>
    <s_s1_m1_m2_m3.1.1.4.2.2>
      <IFC type="real" size="9" columns="3">
 4.482473037862035E-003 -1.734723475976807E-018 -3.361026734705064E-018 
-1.734723475976807E-018  2.645099365191907E-003 -2.602085213965211E-018 
-3.361026734705064E-018 -2.602085213965211E-018  4.482473037862035E-003
      </IFC>
    </s_s1_m1_m2_m3.1.1.4.2.2>
    <s_s1_m1_m2_m3.1.1.1.3.2>
      <IFC type="real" size="9" columns="3">
 3.547330461058568E-003  7.688039100847779E-004 -6.049454611388844E-004 
 7.688039100847779E-004  3.547330461058568E-003 -6.049454611388844E-004 
-1.533897253649690E-003 -1.533897253649690E-003  3.428533262215219E-003
      </IFC>
    </s_s1_m1_m2_m3.1.1.1.3.2>
    <s_s1_m1_m2_m3.1.1.2.3.2>
      <IFC type="real" size="9" columns="3">
 3.428533262215224E-003 -1.533897253649686E-003 -1.533897253649688E-003 
-6.049454611388807E-004  3.547330461058569E-003  7.688039100847797E-004 
-6.049454611388833E-004  7.688039100847797E-004  3.547330461058563E-003
      </IFC>
    </s_s1_m1_m2_m3.1.1.2.3.2>
    <s_s1_m1_m2_m3.1.1.3.3.2>
      <IFC type="real" size="9" columns="3">
 3.604501849078496E-003 -3.254590037746547E-004 -3.371210019615940E-005 
-3.254590037746547E-004  3.604501849078495E-003  3.371210019615414E-005 
 3.371210019615550E-005 -3.371210019616075E-005  3.915340499237875E-003
      </IFC>
    </s_s1_m1_m2_m3.1.1.3.3.2>
    <s_s1_m1_m2_m3.1.1.4.3.2>
      <IFC type="real" size="9" columns="3">
 3.915340499237868E-003 -3.371210019615582E-005  3.371210019615799E-005 
 3.371210019615907E-005  3.604501849078494E-003 -3.254590037746559E-004 
-3.371210019615680E-005 -3.254590037746559E-004  3.604501849078495E-003
      </IFC>
    </s_s1_m1_m2_m3.1.1.4.3.2>
    <s_s1_m1_m2_m3.1.1.1.4.2>
      <IFC type="real" size="9" columns="3">
-1.907127163736285E-003 -3.410056105899084E-003 -6.477183924101442E-003 
 3.410056105899085E-003  1.700382931903372E-002  3.410056105899084E-003 
-6.477183924101442E-003 -3.410056105899087E-003 -1.907127163736285E-003
      </IFC>
    </s_s1_m1_m2_m3.1.1.1.4.2>
    <s_s1_m1_m2_m3.1.1.2.4.2>
      <IFC type="real" size="9" columns="3">
 2.645099365191912E-003  4.336808689942018E-019 -1.409462824231156E-018 
 4.336808689942018E-019  4.482473037862043E-003 -2.602085213965211E-018 
-1.409462824231156E-018 -2.602085213965211E-018  4.482473037862035E-003
      </IFC>
    </s_s1_m1_m2_m3.1.1.2.4.2>
    <s_s1_m1_m2_m3.1.1.3.4.2>
      <IFC type="real" size="9" columns="3">
 3.604501849078493E-003  3.371210019615788E-005  3.254590037746531E-004 
-3.371210019615701E-005  3.915340499237866E-003 -3.371210019615934E-005 
 3.254590037746531E-004  3.371210019615560E-005  3.604501849078500E-003
      </IFC>
    </s_s1_m1_m2_m3.1.1.3.4.2>
    <s_s1_m1_m2_m3.1.1.4.4.2>
      <IFC type="real" size="9" columns="3">
 4.482473037862035E-003  1.084202172485504E-018 -1.951563910473908E-018 
 1.084202172485504E-018  4.482473037862043E-003 -2.168404344971009E-019 
-1.897353801849633E-018 -1.626303258728257E-019  2.645099365191912E-003
      </IFC>
    </s_s1_m1_m2_m3.1.1.4.4.2>
    <s_s1_m1_m2_m3.1.1.1.1.3>
      <IFC type="real" size="9" columns="3">
 3.843583652309829E-003  1.654581073017442E-003 -3.035766082959412E-018 
 1.654581073017442E-003  3.843583652309843E-003  3.035766082959412E-018 
-3.035766082959412E-018  3.035766082959412E-018  8.598612093147662E-003
      </IFC>
    </s_s1_m1_m2_m3.1.1.1.1.3>
    <s_s1_m1_m2_m3.1.1.2.1.3>
      <IFC type="real" size="9" columns="3">
 3.547330461058568E-003  6.049454611388849E-004  7.688039100847738E-004 
 1.533897253649690E-003  3.428533262215223E-003  1.533897253649687E-003 
 7.688039100847738E-004  6.049454611388822E-004  3.547330461058570E-003
      </IFC>
    </s_s1_m1_m2_m3.1.1.2.1.3>
    <s_s1_m1_m2_m3.1.1.3.1.3>
      <IFC type="real" size="9" columns="3">
 8.598612093147670E-003  8.673617379884035E-019 -1.301042606982605E-018 
 8.673617379884035E-019  3.843583652309832E-003  1.654581073017440E-003 
-1.301042606982605E-018  1.654581073017440E-003  3.843583652309827E-003
      </IFC>
    </s_s1_m1_m2_m3.1.1.3.1.3>
    <s_s1_m1_m2_m3.1.1.4.1.3>
      <IFC type="real" size="9" columns="3">
 3.547330461058568E-003  1.533897253649690E-003  7.688039100847738E-004 
 6.049454611388849E-004  3.428533262215223E-003  6.049454611388822E-004 
 7.688039100847738E-004  1.533897253649687E-003  3.547330461058570E-003
      </IFC>
    </s_s1_m1_m2_m3.1.1.4.1.3>
    <s_s1_m1_m2_m3.1.1.1.2.3>
      <IFC type="real" size="9" columns="3">
 3.428533262215231E-003  1.533897253649690E-003 -1.533897253649690E-003 
 6.049454611388846E-004  3.547330461058568E-003 -7.688039100847786E-004 
-6.049454611388851E-004 -7.688039100847786E-004  3.547330461058566E-003
      </IFC>
    </s_s1_m1_m2_m3.1.1.1.2.3>
    <s_s1_m1_m2_m3.1.1.2.2.3>
      <IFC type="real" size="9" columns="3">
 3.547330461058570E-003 -7.688039100847790E-004 -6.049454611388844E-004 
-7.688039100847788E-004  3.547330461058569E-003  6.049454611388807E-004 
-1.533897253649689E-003  1.533897253649686E-003  3.428533262215234E-003
      </IFC>
    </s_s1_m1_m2_m3.1.1.2.2.3>
    <s_s1_m1_m2_m3.1.1.3.2.3>
      <IFC type="real" size="9" columns="3">
 3.915340499237868E-003  3.371210019615896E-005  3.371210019615463E-005 
-3.371210019615593E-005  3.604501849078495E-003  3.254590037746541E-004 
-3.371210019616032E-005  3.254590037746541E-004  3.604501849078493E-003
      </IFC>
    </s_s1_m1_m2_m3.1.1.3.2.3>
    <s_s1_m1_m2_m3.1.1.4.2.3>
      <IFC type="real" size="9" columns="3">
 3.604501849078495E-003  3.254590037746552E-004 -3.371210019615799E-005 
 3.254590037746552E-004  3.604501849078494E-003 -3.371210019615777E-005 
 3.371210019615691E-005  3.371210019615691E-005  3.915340499237856E-003
      </IFC>
    </s_s1_m1_m2_m3.1.1.4.2.3>
    <s_s1_m1_m2_m3.1.1.1.3.3>
      <IFC type="real" size="9" columns="3">
 3.843583652309829E-003 -2.059984127722458E-018 -1.654581073017443E-003 
-2.059984127722458E-018  8.598612093147655E-003 -8.673617379884035E-019 
-1.654581073017443E-003 -8.673617379884035E-019  3.843583652309829E-003
      </IFC>
    </s_s1_m1_m2_m3.1.1.1.3.3>
    <s_s1_m1_m2_m3.1.1.2.3.3>
      <IFC type="real" size="9" columns="3">
 3.604501849078492E-003 -3.371210019615625E-005 -3.254590037746560E-004 
 3.371210019615842E-005  3.915340499237866E-003 -3.371210019615831E-005 
-3.254590037746559E-004  3.371210019615647E-005  3.604501849078495E-003
      </IFC>
    </s_s1_m1_m2_m3.1.1.2.3.3>
    <s_s1_m1_m2_m3.1.1.3.3.3>
      <IFC type="real" size="9" columns="3">
 3.513475601339329E-003  2.602085213965211E-018 -1.029992063861229E-018 
 2.602085213965211E-018  3.513475601339324E-003 -1.029992063861229E-018 
-1.029992063861229E-018 -1.029992063861229E-018  3.513475601339326E-003
      </IFC>
    </s_s1_m1_m2_m3.1.1.3.3.3>
    <s_s1_m1_m2_m3.1.1.4.3.3>
      <IFC type="real" size="9" columns="3">
 3.604501849078492E-003  3.371210019615842E-005 -3.254590037746559E-004 
-3.371210019615625E-005  3.915340499237866E-003  3.371210019615647E-005 
-3.254590037746560E-004 -3.371210019615831E-005  3.604501849078495E-003
      </IFC>
    </s_s1_m1_m2_m3.1.1.4.3.3>
    <s_s1_m1_m2_m3.1.1.1.4.3>
      <IFC type="real" size="9" columns="3">
 3.428533262215231E-003  6.049454611388846E-004 -6.049454611388851E-004 
 1.533897253649690E-003  3.547330461058568E-003 -7.688039100847786E-004 
-1.533897253649690E-003 -7.688039100847786E-004  3.547330461058566E-003
      </IFC>
    </s_s1_m1_m2_m3.1.1.1.4.3>
    <s_s1_m1_m2_m3.1.1.2.4.3>
      <IFC type="real" size="9" columns="3">
 3.604501849078495E-003  3.254590037746552E-004  3.371210019615691E-005 
 3.254590037746552E-004  3.604501849078494E-003  3.371210019615691E-005 
-3.371210019615799E-005 -3.371210019615777E-005  3.915340499237856E-003
      </IFC>
    </s_s1_m1_m2_m3.1.1.2.4.3>
    <s_s1_m1_m2_m3.1.1.3.4.3>
      <IFC type="real" size="9" columns="3">
 3.915340499237868E-003 -3.371210019615593E-005 -3.371210019616032E-005 
 3.371210019615896E-005  3.604501849078495E-003  3.254590037746541E-004 
 3.371210019615463E-005  3.254590037746541E-004  3.604501849078493E-003
      </IFC>
    </s_s1_m1_m2_m3.1.1.3.4.3>
    <s_s1_m1_m2_m3.1.1.4.4.3>
      <IFC type="real" size="9" columns="3">
 3.547330461058570E-003 -7.688039100847788E-004 -1.533897253649689E-003 
-7.688039100847790E-004  3.547330461058569E-003  1.533897253649686E-003 
-6.049454611388844E-004  6.049454611388807E-004  3.428533262215234E-003
      </IFC>
    </s_s1_m1_m2_m3.1.1.4.4.3>
    <s_s1_m1_m2_m3.1.1.1.1.4>
      <IFC type="real" size="9" columns="3">
-1.907127163736283E-003  6.477183924101440E-003 -3.410056105899085E-003 
 6.477183924101440E-003 -1.907127163736283E-003  3.410056105899082E-003 
 3.410056105899084E-003 -3.410056105899088E-003  1.700382931903372E-002
      </IFC>
    </s_s1_m1_m2_m3.1.1.1.1.4>
    <s_s1_m1_m2_m3.1.1.2.1.4>
      <IFC type="real" size="9" columns="3">
 1.700382931903372E-002 -3.410056105899084E-003  3.410056105899084E-003 
 3.410056105899086E-003 -1.907127163736280E-003  6.477183924101439E-003 
-3.410056105899086E-003  6.477183924101439E-003 -1.907127163736286E-003
      </IFC>
    </s_s1_m1_m2_m3.1.1.2.1.4>
    <s_s1_m1_m2_m3.1.1.3.1.4>
      <IFC type="real" size="9" columns="3">
 3.547330461058569E-003  7.688039100847776E-004  1.533897253649685E-003 
 7.688039100847776E-004  3.547330461058568E-003  1.533897253649686E-003 
 6.049454611388804E-004  6.049454611388806E-004  3.428533262215214E-003
      </IFC>
    </s_s1_m1_m2_m3.1.1.3.1.4>
    <s_s1_m1_m2_m3.1.1.4.1.4>
      <IFC type="real" size="9" columns="3">
 3.428533262215223E-003  6.049454611388838E-004  6.049454611388818E-004 
 1.533897253649688E-003  3.547330461058569E-003  7.688039100847781E-004 
 1.533897253649687E-003  7.688039100847781E-004  3.547330461058570E-003
      </IFC>
    </s_s1_m1_m2_m3.1.1.4.1.4>
    <s_s1_m1_m2_m3.1.1.1.2.4>
      <IFC type="real" size="9" columns="3">
-1.907127163736285E-003  3.410056105899085E-003 -6.477183924101442E-003 
-3.410056105899084E-003  1.700382931903372E-002 -3.410056105899087E-003 
-6.477183924101442E-003  3.410056105899084E-003 -1.907127163736285E-003
      </IFC>
    </s_s1_m1_m2_m3.1.1.1.2.4>
    <s_s1_m1_m2_m3.1.1.2.2.4>
      <IFC type="real" size="9" columns="3">
 4.482473037862035E-003  1.084202172485504E-018 -1.897353801849633E-018 
 1.084202172485504E-018  4.482473037862043E-003 -1.626303258728257E-019 
-1.951563910473908E-018 -2.168404344971009E-019  2.645099365191912E-003
      </IFC>
    </s_s1_m1_m2_m3.1.1.2.2.4>
    <s_s1_m1_m2_m3.1.1.3.2.4>
      <IFC type="real" size="9" columns="3">
 3.604501849078493E-003 -3.371210019615701E-005  3.254590037746531E-004 
 3.371210019615788E-005  3.915340499237866E-003  3.371210019615560E-005 
 3.254590037746531E-004 -3.371210019615934E-005  3.604501849078500E-003
      </IFC>
    </s_s1_m1_m2_m3.1.1.3.2.4>
    <s_s1_m1_m2_m3.1.1.4.2.4>
      <IFC type="real" size="9" columns="3">
 2.645099365191912E-003  4.336808689942018E-019 -1.409462824231156E-018 
 4.336808689942018E-019  4.482473037862043E-003 -2.602085213965211E-018 
-1.409462824231156E-018 -2.602085213965211E-018  4.482473037862035E-003
      </IFC>
    </s_s1_m1_m2_m3.1.1.4.2.4>
    <s_s1_m1_m2_m3.1.1.1.3.4>
      <IFC type="real" size="9" columns="3">
 3.547330461058568E-003  7.688039100847779E-004 -1.533897253649690E-003 
 7.688039100847779E-004  3.547330461058568E-003 -1.533897253649690E-003 
-6.049454611388844E-004 -6.049454611388844E-004  3.428533262215219E-003
      </IFC>
    </s_s1_m1_m2_m3.1.1.1.3.4>
    <s_s1_m1_m2_m3.1.1.2.3.4>
      <IFC type="real" size="9" columns="3">
 3.915340499237868E-003  3.371210019615907E-005 -3.371210019615680E-005 
-3.371210019615582E-005  3.604501849078494E-003 -3.254590037746559E-004 
 3.371210019615799E-005 -3.254590037746559E-004  3.604501849078495E-003
      </IFC>
    </s_s1_m1_m2_m3.1.1.2.3.4>
    <s_s1_m1_m2_m3.1.1.3.3.4>
      <IFC type="real" size="9" columns="3">
 3.604501849078496E-003 -3.254590037746547E-004  3.371210019615550E-005 
-3.254590037746547E-004  3.604501849078495E-003 -3.371210019616075E-005 
-3.371210019615940E-005  3.371210019615414E-005  3.915340499237875E-003
      </IFC>
    </s_s1_m1_m2_m3.1.1.3.3.4>
    <s_s1_m1_m2_m3.1.1.4.3.4>
      <IFC type="real" size="9" columns="3">
 3.428533262215224E-003 -6.049454611388807E-004 -6.049454611388833E-004 
-1.533897253649686E-003  3.547330461058569E-003  7.688039100847797E-004 
-1.533897253649688E-003  7.688039100847797E-004  3.547330461058563E-003
      </IFC>
    </s_s1_m1_m2_m3.1.1.4.3.4>
    <s_s1_m1_m2_m3.1.1.1.4.4>
      <IFC type="real" size="9" columns="3">
 3.547330461058566E-003  1.533897253649688E-003 -7.688039100847803E-004 
 6.049454611388827E-004  3.428533262215223E-003 -6.049454611388842E-004 
-7.688039100847803E-004 -1.533897253649690E-003  3.547330461058573E-003
      </IFC>
    </s_s1_m1_m2_m3.1.1.1.4.4>
    <s_s1_m1_m2_m3.1.1.2.4.4>
      <IFC type="real" size="9" columns="3">
 4.482473037862035E-003 -1.734723475976807E-018 -3.361026734705064E-018 
-1.734723475976807E-018  2.645099365191907E-003 -2.602085213965211E-018 
-3.361026734705064E-018 -2.602085213965211E-018  4.482473037862035E-003
      </IFC>
    </s_s1_m1_m2_m3.1.1.2.4.4>
    <s_s1_m1_m2_m3.1.1.3.4.4>
      <IFC type="real" size="9" columns="3">
 3.547330461058566E-003 -1.533897253649687E-003 -7.688039100847797E-004 
-6.049454611388815E-004  3.428533262215219E-003  6.049454611388820E-004 
-7.688039100847797E-004  1.533897253649687E-003  3.547330461058566E-003
      </IFC>
    </s_s1_m1_m2_m3.1.1.3.4.4>
    <s_s1_m1_m2_m3.1.1.4.4.4>
      <IFC type="real" size="9" columns="3">
 3.638446811079366E-003  2.385244779468110E-018 -4.770489558936220E-018 
 2.385244779468110E-018  3.638446811079361E-003 -2.818925648462312E-018 
-4.716279450311944E-018 -2.764715539838036E-018  3.638446811079366E-003
      </IFC>
    </s_s1_m1_m2_m3.1.1.4.4.4>
    <s_s1_m1_m2_m3.1.2.1.1.1>
      <IFC type="real" size="9" columns="3">
-5.801718749309193E-002 -4.001090103961314E-002 -4.001090103961314E-002 
-4.001090103961314E-002 -5.801718749309193E-002 -4.001090103961314E-002 
-4.001090103961314E-002 -4.001090103961314E-002 -5.801718749309193E-002
      </IFC>
    </s_s1_m1_m2_m3.1.2.1.1.1>
    <s_s1_m1_m2_m3.1.2.2.1.1>
      <IFC type="real" size="9" columns="3">
-1.681031577708433E-003  3.980792365151264E-004 -3.980792365151264E-004 
 1.458771697517469E-003 -4.814846604819085E-003 -8.970777092251419E-004 
-1.458771697517467E-003 -8.970777092251420E-004 -4.814846604819087E-003
      </IFC>
    </s_s1_m1_m2_m3.1.2.2.1.1>
    <s_s1_m1_m2_m3.1.2.3.1.1>
      <IFC type="real" size="9" columns="3">
-3.251946531370701E-003 -5.459364395634487E-005 -5.166146521701309E-004 
 3.320711791395760E-004 -3.770512681196114E-003  3.320711791395753E-004 
-5.166146521701322E-004 -5.459364395634238E-005 -3.251946531370701E-003
      </IFC>
    </s_s1_m1_m2_m3.1.2.3.1.1>
    <s_s1_m1_m2_m3.1.2.4.1.1>
      <IFC type="real" size="9" columns="3">
-4.814846604819084E-003 -8.970777092251437E-004 -1.458771697517470E-003 
-8.970777092251448E-004 -4.814846604819085E-003  1.458771697517471E-003 
-3.980792365151229E-004  3.980792365151291E-004 -1.681031577708436E-003
      </IFC>
    </s_s1_m1_m2_m3.1.2.4.1.1>
    <s_s1_m1_m2_m3.1.2.1.2.1>
      <IFC type="real" size="9" columns="3">
-5.801718749309193E-002  4.001090103961314E-002  4.001090103961313E-002 
 4.001090103961314E-002 -5.801718749309191E-002 -4.001090103961314E-002 
 4.001090103961314E-002 -4.001090103961313E-002 -5.801718749309192E-002
      </IFC>
    </s_s1_m1_m2_m3.1.2.1.2.1>
    <s_s1_m1_m2_m3.1.2.2.2.1>
      <IFC type="real" size="9" columns="3">
-2.188580923460181E-003 -2.559769423694635E-003 -1.431282707703019E-003 
 2.138602849005666E-004 -5.642124851942428E-003 -2.138602849005614E-004 
-1.431282707703021E-003  2.559769423694637E-003 -2.188580923460179E-003
      </IFC>
    </s_s1_m1_m2_m3.1.2.2.2.1>
    <s_s1_m1_m2_m3.1.2.3.2.1>
      <IFC type="real" size="9" columns="3">
-2.188580923460179E-003  2.559769423694637E-003 -1.431282707703020E-003 
-2.138602849005642E-004 -5.642124851942426E-003  2.138602849005651E-004 
-1.431282707703020E-003 -2.559769423694636E-003 -2.188580923460180E-003
      </IFC>
    </s_s1_m1_m2_m3.1.2.3.2.1>
    <s_s1_m1_m2_m3.1.2.4.2.1>
      <IFC type="real" size="9" columns="3">
-5.801718749309193E-002 -4.001090103961314E-002  4.001090103961314E-002 
-4.001090103961313E-002 -5.801718749309192E-002  4.001090103961314E-002 
 4.001090103961314E-002  4.001090103961314E-002 -5.801718749309192E-002
      </IFC>
    </s_s1_m1_m2_m3.1.2.4.2.1>
    <s_s1_m1_m2_m3.1.2.1.3.1>
      <IFC type="real" size="9" columns="3">
-5.642124851942430E-003  2.138602849005630E-004  2.138602849005656E-004 
-2.559769423694637E-003 -2.188580923460181E-003  1.431282707703023E-003 
-2.559769423694637E-003  1.431282707703019E-003 -2.188580923460181E-003
      </IFC>
    </s_s1_m1_m2_m3.1.2.1.3.1>
    <s_s1_m1_m2_m3.1.2.2.3.1>
      <IFC type="real" size="9" columns="3">
-2.754017579506650E-003  5.847293100289465E-004 -5.847293100289466E-004 
 5.847293100289459E-004 -2.754017579506650E-003  5.847293100289470E-004 
-5.847293100289457E-004  5.847293100289480E-004 -2.754017579506652E-003
      </IFC>
    </s_s1_m1_m2_m3.1.2.2.3.1>
    <s_s1_m1_m2_m3.1.2.3.3.1>
      <IFC type="real" size="9" columns="3">
-2.188580923460179E-003  1.431282707703019E-003 -2.559769423694636E-003 
 1.431282707703020E-003 -2.188580923460176E-003 -2.559769423694637E-003 
 2.138602849005655E-004  2.138602849005641E-004 -5.642124851942426E-003
      </IFC>
    </s_s1_m1_m2_m3.1.2.3.3.1>
    <s_s1_m1_m2_m3.1.2.4.3.1>
      <IFC type="real" size="9" columns="3">
-4.814846604819083E-003  1.458771697517469E-003  8.970777092251432E-004 
 3.980792365151247E-004 -1.681031577708434E-003  3.980792365151300E-004 
 8.970777092251455E-004  1.458771697517473E-003 -4.814846604819087E-003
      </IFC>
    </s_s1_m1_m2_m3.1.2.4.3.1>
    <s_s1_m1_m2_m3.1.2.1.4.1>
      <IFC type="real" size="9" columns="3">
-5.642124851942431E-003 -2.138602849005652E-004 -2.138602849005645E-004 
 2.559769423694636E-003 -2.188580923460178E-003  1.431282707703019E-003 
 2.559769423694638E-003  1.431282707703024E-003 -2.188580923460178E-003
      </IFC>
    </s_s1_m1_m2_m3.1.2.1.4.1>
    <s_s1_m1_m2_m3.1.2.2.4.1>
      <IFC type="real" size="9" columns="3">
-2.188580923460182E-003  1.431282707703021E-003  2.559769423694641E-003 
 1.431282707703020E-003 -2.188580923460181E-003  2.559769423694638E-003 
-2.138602849005612E-004 -2.138602849005623E-004 -5.642124851942427E-003
      </IFC>
    </s_s1_m1_m2_m3.1.2.2.4.1>
    <s_s1_m1_m2_m3.1.2.3.4.1>
      <IFC type="real" size="9" columns="3">
-3.251946531370700E-003  5.166146521701337E-004  5.459364395634254E-005 
 5.166146521701318E-004 -3.251946531370700E-003 -5.459364395634438E-005 
-3.320711791395764E-004  3.320711791395721E-004 -3.770512681196114E-003
      </IFC>
    </s_s1_m1_m2_m3.1.2.3.4.1>
    <s_s1_m1_m2_m3.1.2.4.4.1>
      <IFC type="real" size="9" columns="3">
-3.770512681196116E-003  3.320711791395745E-004 -3.320711791395736E-004 
-5.459364395634259E-005 -3.251946531370702E-003  5.166146521701342E-004 
 5.459364395634259E-005  5.166146521701350E-004 -3.251946531370699E-003
      </IFC>
    </s_s1_m1_m2_m3.1.2.4.4.1>
    <s_s1_m1_m2_m3.1.2.1.1.2>
      <IFC type="real" size="9" columns="3">
-1.681031577708429E-003 -3.980792365151260E-004  3.980792365151291E-004 
-1.458771697517470E-003 -4.814846604819088E-003 -8.970777092251422E-004 
 1.458771697517471E-003 -8.970777092251448E-004 -4.814846604819083E-003
      </IFC>
    </s_s1_m1_m2_m3.1.2.1.1.2>
    <s_s1_m1_m2_m3.1.2.2.1.2>
      <IFC type="real" size="9" columns="3">
-2.883972306463375E-003 -2.317317246148201E-004 -2.317317246148219E-004 
-2.548032366070427E-004 -3.330939687755410E-003 -2.559288780533048E-004 
-2.548032366070427E-004 -2.559288780533041E-004 -3.330939687755410E-003
      </IFC>
    </s_s1_m1_m2_m3.1.2.2.1.2>
    <s_s1_m1_m2_m3.1.2.3.1.2>
      <IFC type="real" size="9" columns="3">
-3.330939687755409E-003 -2.559288780533038E-004 -2.548032366070400E-004 
-2.559288780533033E-004 -3.330939687755411E-003 -2.548032366070406E-004 
-2.317317246148232E-004 -2.317317246148218E-004 -2.883972306463373E-003
      </IFC>
    </s_s1_m1_m2_m3.1.2.3.1.2>
    <s_s1_m1_m2_m3.1.2.4.1.2>
      <IFC type="real" size="9" columns="3">
-4.814846604819084E-003 -8.970777092251422E-004  1.458771697517468E-003 
-8.970777092251448E-004 -4.814846604819087E-003 -1.458771697517465E-003 
 3.980792365151265E-004 -3.980792365151208E-004 -1.681031577708436E-003
      </IFC>
    </s_s1_m1_m2_m3.1.2.4.1.2>
    <s_s1_m1_m2_m3.1.2.1.2.2>
      <IFC type="real" size="9" columns="3">
-2.188580923460182E-003 -1.431282707703020E-003 -2.559769423694635E-003 
-1.431282707703020E-003 -2.188580923460182E-003  2.559769423694631E-003 
 2.138602849005647E-004 -2.138602849005612E-004 -5.642124851942425E-003
      </IFC>
    </s_s1_m1_m2_m3.1.2.1.2.2>
    <s_s1_m1_m2_m3.1.2.2.2.2>
      <IFC type="real" size="9" columns="3">
-2.754017579506655E-003 -5.847293100289479E-004 -5.847293100289456E-004 
-5.847293100289465E-004 -2.754017579506655E-003 -5.847293100289463E-004 
-5.847293100289446E-004 -5.847293100289459E-004 -2.754017579506653E-003
      </IFC>
    </s_s1_m1_m2_m3.1.2.2.2.2>
    <s_s1_m1_m2_m3.1.2.3.2.2>
      <IFC type="real" size="9" columns="3">
-5.642124851942426E-003 -2.138602849005647E-004  2.138602849005663E-004 
 2.559769423694637E-003 -2.188580923460180E-003 -1.431282707703018E-003 
-2.559769423694634E-003 -1.431282707703018E-003 -2.188580923460179E-003
      </IFC>
    </s_s1_m1_m2_m3.1.2.3.2.2>
    <s_s1_m1_m2_m3.1.2.4.2.2>
      <IFC type="real" size="9" columns="3">
-4.814846604819086E-003 -1.458771697517468E-003  8.970777092251415E-004 
-3.980792365151256E-004 -1.681031577708431E-003 -3.980792365151226E-004 
 8.970777092251431E-004 -1.458771697517468E-003 -4.814846604819082E-003
      </IFC>
    </s_s1_m1_m2_m3.1.2.4.2.2>
    <s_s1_m1_m2_m3.1.2.1.3.2>
      <IFC type="real" size="9" columns="3">
-2.754017579506647E-003 -5.847293100289461E-004  5.847293100289474E-004 
-5.847293100289456E-004 -2.754017579506652E-003  5.847293100289456E-004 
 5.847293100289469E-004  5.847293100289456E-004 -2.754017579506650E-003
      </IFC>
    </s_s1_m1_m2_m3.1.2.1.3.2>
    <s_s1_m1_m2_m3.1.2.2.3.2>
      <IFC type="real" size="9" columns="3">
-2.754017579506651E-003  5.847293100289463E-004  5.847293100289446E-004 
 5.847293100289452E-004 -2.754017579506652E-003 -5.847293100289456E-004 
 5.847293100289446E-004 -5.847293100289454E-004 -2.754017579506653E-003
      </IFC>
    </s_s1_m1_m2_m3.1.2.2.3.2>
    <s_s1_m1_m2_m3.1.2.3.3.2>
      <IFC type="real" size="9" columns="3">
-3.330939687755409E-003  2.548032366070415E-004  2.559288780533053E-004 
 2.317317246148230E-004 -2.883972306463375E-003 -2.317317246148220E-004 
 2.559288780533036E-004 -2.548032366070421E-004 -3.330939687755409E-003
      </IFC>
    </s_s1_m1_m2_m3.1.2.3.3.2>
    <s_s1_m1_m2_m3.1.2.4.3.2>
      <IFC type="real" size="9" columns="3">
-3.330939687755411E-003 -2.548032366070381E-004  2.559288780533035E-004 
-2.317317246148206E-004 -2.883972306463377E-003  2.317317246148247E-004 
 2.559288780533048E-004  2.548032366070429E-004 -3.330939687755412E-003
      </IFC>
    </s_s1_m1_m2_m3.1.2.4.3.2>
    <s_s1_m1_m2_m3.1.2.1.4.2>
      <IFC type="real" size="9" columns="3">
-2.188580923460183E-003  2.559769423694634E-003  1.431282707703020E-003 
-2.138602849005644E-004 -5.642124851942425E-003 -2.138602849005621E-004 
 1.431282707703022E-003  2.559769423694637E-003 -2.188580923460179E-003
      </IFC>
    </s_s1_m1_m2_m3.1.2.1.4.2>
    <s_s1_m1_m2_m3.1.2.2.4.2>
      <IFC type="real" size="9" columns="3">
-2.883972306463377E-003  2.317317246148223E-004  2.317317246148227E-004 
 2.548032366070430E-004 -3.330939687755411E-003 -2.559288780533035E-004 
 2.548032366070429E-004 -2.559288780533056E-004 -3.330939687755411E-003
      </IFC>
    </s_s1_m1_m2_m3.1.2.2.4.2>
    <s_s1_m1_m2_m3.1.2.3.4.2>
      <IFC type="real" size="9" columns="3">
-3.296099265341823E-003  1.193807630803630E-005 -1.193807630803484E-005 
 1.193807630803603E-005 -3.296099265341823E-003  1.193807630803538E-005 
-1.193807630803267E-005  1.193807630803576E-005 -3.296099265341822E-003
      </IFC>
    </s_s1_m1_m2_m3.1.2.3.4.2>
    <s_s1_m1_m2_m3.1.2.4.4.2>
      <IFC type="real" size="9" columns="3">
-3.330939687755414E-003 -2.559288780533039E-004  2.548032366070420E-004 
-2.559288780533031E-004 -3.330939687755413E-003  2.548032366070428E-004 
 2.317317246148232E-004  2.317317246148232E-004 -2.883972306463374E-003
      </IFC>
    </s_s1_m1_m2_m3.1.2.4.4.2>
    <s_s1_m1_m2_m3.1.2.1.1.3>
      <IFC type="real" size="9" columns="3">
-3.251946531370700E-003 -5.166146521701290E-004 -5.459364395634519E-005 
-5.166146521701290E-004 -3.251946531370700E-003 -5.459364395634519E-005 
 3.320711791395745E-004  3.320711791395745E-004 -3.770512681196117E-003
      </IFC>
    </s_s1_m1_m2_m3.1.2.1.1.3>
    <s_s1_m1_m2_m3.1.2.2.1.3>
      <IFC type="real" size="9" columns="3">
-3.330939687755412E-003 -2.548032366070410E-004 -2.559288780533048E-004 
-2.317317246148217E-004 -2.883972306463374E-003 -2.317317246148214E-004 
-2.559288780533022E-004 -2.548032366070401E-004 -3.330939687755411E-003
      </IFC>
    </s_s1_m1_m2_m3.1.2.2.1.3>
    <s_s1_m1_m2_m3.1.2.3.1.3>
      <IFC type="real" size="9" columns="3">
-3.770512681196116E-003  3.320711791395754E-004  3.320711791395759E-004 
-5.459364395634156E-005 -3.251946531370699E-003 -5.166146521701305E-004 
-5.459364395634406E-005 -5.166146521701316E-004 -3.251946531370701E-003
      </IFC>
    </s_s1_m1_m2_m3.1.2.3.1.3>
    <s_s1_m1_m2_m3.1.2.4.1.3>
      <IFC type="real" size="9" columns="3">
-3.335460409851808E-003 -2.913867632678710E-004  2.913867632678718E-004 
-2.913867632678715E-004 -3.335460409851807E-003 -2.913867632678709E-004 
 2.913867632678742E-004 -2.913867632678691E-004 -3.335460409851805E-003
      </IFC>
    </s_s1_m1_m2_m3.1.2.4.1.3>
    <s_s1_m1_m2_m3.1.2.1.2.3>
      <IFC type="real" size="9" columns="3">
-2.188580923460182E-003 -1.431282707703020E-003  2.559769423694642E-003 
-1.431282707703020E-003 -2.188580923460182E-003 -2.559769423694631E-003 
-2.138602849005647E-004  2.138602849005682E-004 -5.642124851942425E-003
      </IFC>
    </s_s1_m1_m2_m3.1.2.1.2.3>
    <s_s1_m1_m2_m3.1.2.2.2.3>
      <IFC type="real" size="9" columns="3">
-5.642124851942428E-003  2.138602849005656E-004 -2.138602849005612E-004 
-2.559769423694635E-003 -2.188580923460181E-003 -1.431282707703017E-003 
 2.559769423694637E-003 -1.431282707703019E-003 -2.188580923460181E-003
      </IFC>
    </s_s1_m1_m2_m3.1.2.2.2.3>
    <s_s1_m1_m2_m3.1.2.3.2.3>
      <IFC type="real" size="9" columns="3">
-3.770512681196113E-003 -3.320711791395753E-004 -3.320711791395749E-004 
 5.459364395634145E-005 -3.251946531370697E-003 -5.166146521701335E-004 
 5.459364395634368E-005 -5.166146521701320E-004 -3.251946531370700E-003
      </IFC>
    </s_s1_m1_m2_m3.1.2.3.2.3>
    <s_s1_m1_m2_m3.1.2.4.2.3>
      <IFC type="real" size="9" columns="3">
-3.251946531370703E-003 -5.166146521701290E-004  5.459364395634519E-005 
-5.166146521701324E-004 -3.251946531370696E-003  5.459364395634519E-005 
-3.320711791395745E-004 -3.320711791395745E-004 -3.770512681196110E-003
      </IFC>
    </s_s1_m1_m2_m3.1.2.4.2.3>
    <s_s1_m1_m2_m3.1.2.1.3.3>
      <IFC type="real" size="9" columns="3">
-2.188580923460181E-003 -2.559769423694638E-003  1.431282707703019E-003 
 2.138602849005647E-004 -5.642124851942424E-003  2.138602849005638E-004 
 1.431282707703018E-003 -2.559769423694637E-003 -2.188580923460180E-003
      </IFC>
    </s_s1_m1_m2_m3.1.2.1.3.3>
    <s_s1_m1_m2_m3.1.2.2.3.3>
      <IFC type="real" size="9" columns="3">
-3.330939687755411E-003  2.559288780533055E-004  2.548032366070429E-004 
 2.559288780533038E-004 -3.330939687755411E-003 -2.548032366070406E-004 
 2.317317246148244E-004 -2.317317246148219E-004 -2.883972306463374E-003
      </IFC>
    </s_s1_m1_m2_m3.1.2.2.3.3>
    <s_s1_m1_m2_m3.1.2.3.3.3>
      <IFC type="real" size="9" columns="3">
-3.296099265341824E-003 -1.193807630803494E-005 -1.193807630803538E-005 
-1.193807630803408E-005 -3.296099265341824E-003 -1.193807630803147E-005 
-1.193807630803446E-005 -1.193807630802985E-005 -3.296099265341825E-003
      </IFC>
    </s_s1_m1_m2_m3.1.2.3.3.3>
    <s_s1_m1_m2_m3.1.2.4.3.3>
      <IFC type="real" size="9" columns="3">
-2.883972306463377E-003 -2.317317246148212E-004  2.317317246148220E-004 
-2.548032366070404E-004 -3.330939687755412E-003  2.559288780533035E-004 
 2.548032366070438E-004  2.559288780533043E-004 -3.330939687755413E-003
      </IFC>
    </s_s1_m1_m2_m3.1.2.4.3.3>
    <s_s1_m1_m2_m3.1.2.1.4.3>
      <IFC type="real" size="9" columns="3">
-3.251946531370702E-003  5.459364395634292E-005  5.166146521701309E-004 
-3.320711791395766E-004 -3.770512681196114E-003  3.320711791395736E-004 
 5.166146521701285E-004 -5.459364395634519E-005 -3.251946531370701E-003
      </IFC>
    </s_s1_m1_m2_m3.1.2.1.4.3>
    <s_s1_m1_m2_m3.1.2.2.4.3>
      <IFC type="real" size="9" columns="3">
-3.296099265341822E-003 -1.193807630803234E-005  1.193807630803494E-005 
-1.193807630803256E-005 -3.296099265341822E-003  1.193807630803820E-005 
