<?xml version="1.0"?>
<?iotk version="1.2.0"?>
<?iotk file_version="1.0"?>
<?iotk binary="F"?>
<?iotk qe_syntax="F"?>
<Root>
  <GEOMETRY_INFO>
    <NUMBER_OF_TYPES type="integer" size="1">
         2
    </NUMBER_OF_TYPES>
    <NUMBER_OF_ATOMS type="integer" size="1">
         2
    </NUMBER_OF_ATOMS>
    <BRAVAIS_LATTICE_INDEX type="integer" size="1">
         2
    </BRAVAIS_LATTICE_INDEX>
    <SPIN_COMPONENTS type="integer" size="1">
         1
    </SPIN_COMPONENTS>
    <CELL_DIMENSIONS type="real" size="6">
 1.050000000000000E+001
 0.000000000000000E+000
 0.000000000000000E+000
 0.000000000000000E+000
 0.000000000000000E+000
 0.000000000000000E+000
    </CELL_DIMENSIONS>
    <AT type="real" size="9" columns="3">
-5.000000000000000E-001  0.000000000000000E+000  5.000000000000000E-001 
 0.000000000000000E+000  5.000000000000000E-001  5.000000000000000E-001 
-5.000000000000000E-001  5.000000000000000E-001  0.000000000000000E+000
    </AT>
    <BG type="real" size="9" columns="3">
-1.000000000000000E+000 -1.000000000000000E+000  1.000000000000000E+000 
 1.000000000000000E+000  1.000000000000000E+000  1.000000000000000E+000 
-1.000000000000000E+000  1.000000000000000E+000 -1.000000000000000E+000
    </BG>
    <UNIT_CELL_VOLUME_AU type="real" size="1">
 2.894062500000000E+002
    </UNIT_CELL_VOLUME_AU>
    <TYPE_NAME.1 type="character" size="1" len="3">
Al 
    </TYPE_NAME.1>
    <MASS.1 type="real" size="1">
 2.698000000000000E+001
    </MASS.1>
    <TYPE_NAME.2 type="character" size="1" len="3">
As 
    </TYPE_NAME.2>
    <MASS.2 type="real" size="1">
 7.492000000000000E+001
    </MASS.2>
    <ATOM.1 SPECIES="Al " INDEX="1" TAU="0.000000000000000E+000 0.000000000000000E+000 0.000000000000000E+000"/>
    <ATOM.2 SPECIES="As " INDEX="2" TAU="2.500000000000000E-001 2.500000000000000E-001 2.500000000000000E-001"/>
    <NUMBER_OF_Q type="integer" size="1">
         6
    </NUMBER_OF_Q>
  </GEOMETRY_INFO>
  <DIELECTRIC_PROPERTIES>
    <EPSILON type="real" size="9" columns="3">
-2.740100064278613E+005  2.910383045673370E-011  1.455191522836685E-010 
 5.820766091346741E-011 -2.740100064278613E+005 -2.910383045673370E-011 
 8.731149137020111E-011 -8.731149137020111E-011 -2.740100064278613E+005
    </EPSILON>
    <ZSTAR>
      <Z_AT_.1 type="real" size="9" columns="3">
-9.202014708729205E+001  6.283862319378385E-014 -8.659739592076219E-015 
 2.109423746787797E-014 -9.202014708729205E+001  1.354472090042691E-014 
-7.105427357601000E-015  3.397282455352979E-014 -9.202014708729205E+001
      </Z_AT_.1>
      <Z_AT_.2 type="real" size="9" columns="3">
 9.202014708729203E+001 -6.283862319378385E-014  8.659739592076219E-015 
-2.109423746787797E-014  9.202014708729203E+001 -1.354472090042691E-014 
 7.105427357601000E-015 -3.397282455352979E-014  9.202014708729203E+001
      </Z_AT_.2>
    </ZSTAR>
  </DIELECTRIC_PROPERTIES>
  <INTERATOMIC_FORCE_CONSTANTS>
    <MESH_NQ1_NQ2_NQ3 type="integer" size="3" columns="3">
         4          4          4
    </MESH_NQ1_NQ2_NQ3>
    <s_s1_m1_m2_m3.1.1.1.1.1>
      <IFC type="real" size="9" columns="3">
 2.319948500868273E-001 -2.710505431213761E-018 -5.854691731421724E-018 
-2.710505431213761E-018  2.319948500868273E-001  2.168404344971009E-019 
-5.854691731421724E-018  2.168404344971009E-019  2.319948500868273E-001
      </IFC>
    </s_s1_m1_m2_m3.1.1.1.1.1>
    <s_s1_m1_m2_m3.1.1.2.1.1>
      <IFC type="real" size="9" columns="3">
-1.328808356478522E-003  3.406125591299338E-003  6.478668503652567E-003 
-3.406125591299328E-003  1.758142283373078E-002  3.406125591299331E-003 
 6.478668503652567E-003 -3.406125591299335E-003 -1.328808356478525E-003
      </IFC>
    </s_s1_m1_m2_m3.1.1.2.1.1>
    <s_s1_m1_m2_m3.1.1.3.1.1>
      <IFC type="real" size="9" columns="3">
 4.418983868962940E-003 -1.788933584601082E-018  1.655280150633829E-003 
-1.788933584601082E-018  9.178592092605610E-003  5.963111948670274E-018 
 1.655280150633829E-003  5.963111948670274E-018  4.418983868962939E-003
      </IFC>
    </s_s1_m1_m2_m3.1.1.3.1.1>
    <s_s1_m1_m2_m3.1.1.4.1.1>
      <IFC type="real" size="9" columns="3">
-1.328808356478522E-003 -3.406125591299328E-003  6.478668503652567E-003 
 3.406125591299338E-003  1.758142283373078E-002 -3.406125591299335E-003 
 6.478668503652567E-003  3.406125591299331E-003 -1.328808356478525E-003
      </IFC>
    </s_s1_m1_m2_m3.1.1.4.1.1>
    <s_s1_m1_m2_m3.1.1.1.2.1>
      <IFC type="real" size="9" columns="3">
 1.758142283373078E-002 -3.406125591299333E-003 -3.406125591299332E-003 
 3.406125591299334E-003 -1.328808356478519E-003 -6.478668503652574E-003 
 3.406125591299334E-003 -6.478668503652574E-003 -1.328808356478516E-003
      </IFC>
    </s_s1_m1_m2_m3.1.1.1.2.1>
    <s_s1_m1_m2_m3.1.1.2.2.1>
      <IFC type="real" size="9" columns="3">
 4.124939099002680E-003 -7.675879574855726E-004  6.078400180781854E-004 
-7.675879574855726E-004  4.124939099002681E-003 -6.078400180781845E-004 
 1.530416909941969E-003 -1.530416909941968E-003  4.007292577534088E-003
      </IFC>
    </s_s1_m1_m2_m3.1.1.2.2.1>
    <s_s1_m1_m2_m3.1.1.3.2.1>
      <IFC type="real" size="9" columns="3">
 4.007292577534100E-003 -1.530416909941971E-003  1.530416909941971E-003 
-6.078400180781875E-004  4.124939099002683E-003 -7.675879574855779E-004 
 6.078400180781877E-004 -7.675879574855779E-004  4.124939099002688E-003
      </IFC>
    </s_s1_m1_m2_m3.1.1.3.2.1>
    <s_s1_m1_m2_m3.1.1.4.2.1>
      <IFC type="real" size="9" columns="3">
-1.328808356478517E-003 -6.478668503652573E-003  3.406125591299335E-003 
-6.478668503652573E-003 -1.328808356478519E-003  3.406125591299333E-003 
-3.406125591299331E-003 -3.406125591299334E-003  1.758142283373079E-002
      </IFC>
    </s_s1_m1_m2_m3.1.1.4.2.1>
    <s_s1_m1_m2_m3.1.1.1.3.1>
      <IFC type="real" size="9" columns="3">
 9.178592092605617E-003 -1.084202172485504E-019 -2.168404344971009E-018 
-1.084202172485504E-019  4.418983868962938E-003 -1.655280150633826E-003 
-2.168404344971009E-018 -1.655280150633826E-003  4.418983868962948E-003
      </IFC>
    </s_s1_m1_m2_m3.1.1.1.3.1>
    <s_s1_m1_m2_m3.1.1.2.3.1>
      <IFC type="real" size="9" columns="3">
 4.124939099002686E-003 -6.078400180781852E-004  7.675879574855722E-004 
-1.530416909941969E-003  4.007292577534101E-003 -1.530416909941973E-003 
 7.675879574855721E-004 -6.078400180781891E-004  4.124939099002686E-003
      </IFC>
    </s_s1_m1_m2_m3.1.1.2.3.1>
    <s_s1_m1_m2_m3.1.1.3.3.1>
      <IFC type="real" size="9" columns="3">
 4.418983868962937E-003 -1.655280150633830E-003 -9.215718466126788E-019 
-1.655280150633830E-003  4.418983868962940E-003 -8.673617379884035E-019 
-9.215718466126788E-019 -8.673617379884035E-019  9.178592092605607E-003
      </IFC>
    </s_s1_m1_m2_m3.1.1.3.3.1>
    <s_s1_m1_m2_m3.1.1.4.3.1>
      <IFC type="real" size="9" columns="3">
 4.124939099002686E-003 -1.530416909941969E-003  7.675879574855721E-004 
-6.078400180781852E-004  4.007292577534101E-003 -6.078400180781891E-004 
 7.675879574855722E-004 -1.530416909941973E-003  4.124939099002686E-003
      </IFC>
    </s_s1_m1_m2_m3.1.1.4.3.1>
    <s_s1_m1_m2_m3.1.1.1.4.1>
      <IFC type="real" size="9" columns="3">
 1.758142283373078E-002  3.406125591299334E-003  3.406125591299334E-003 
-3.406125591299333E-003 -1.328808356478519E-003 -6.478668503652574E-003 
-3.406125591299332E-003 -6.478668503652574E-003 -1.328808356478516E-003
      </IFC>
    </s_s1_m1_m2_m3.1.1.1.4.1>
    <s_s1_m1_m2_m3.1.1.2.4.1>
      <IFC type="real" size="9" columns="3">
-1.328808356478517E-003 -6.478668503652573E-003 -3.406125591299331E-003 
-6.478668503652573E-003 -1.328808356478519E-003 -3.406125591299334E-003 
 3.406125591299335E-003  3.406125591299333E-003  1.758142283373079E-002
      </IFC>
    </s_s1_m1_m2_m3.1.1.2.4.1>
    <s_s1_m1_m2_m3.1.1.3.4.1>
      <IFC type="real" size="9" columns="3">
 4.007292577534100E-003 -6.078400180781875E-004  6.078400180781877E-004 
-1.530416909941971E-003  4.124939099002683E-003 -7.675879574855779E-004 
 1.530416909941971E-003 -7.675879574855779E-004  4.124939099002688E-003
      </IFC>
    </s_s1_m1_m2_m3.1.1.3.4.1>
    <s_s1_m1_m2_m3.1.1.4.4.1>
      <IFC type="real" size="9" columns="3">
 4.124939099002680E-003 -7.675879574855726E-004  1.530416909941969E-003 
-7.675879574855726E-004  4.124939099002681E-003 -1.530416909941968E-003 
 6.078400180781854E-004 -6.078400180781845E-004  4.007292577534088E-003
      </IFC>
    </s_s1_m1_m2_m3.1.1.4.4.1>
    <s_s1_m1_m2_m3.1.1.1.1.2>
      <IFC type="real" size="9" columns="3">
-1.328808356478514E-003  6.478668503652574E-003  3.406125591299334E-003 
 6.478668503652574E-003 -1.328808356478514E-003 -3.406125591299335E-003 
-3.406125591299331E-003  3.406125591299331E-003  1.758142283373078E-002
      </IFC>
    </s_s1_m1_m2_m3.1.1.1.1.2>
    <s_s1_m1_m2_m3.1.1.2.1.2>
      <IFC type="real" size="9" columns="3">
 4.007292577534096E-003  1.530416909941971E-003  1.530416909941970E-003 
 6.078400180781877E-004  4.124939099002683E-003  7.675879574855771E-004 
 6.078400180781864E-004  7.675879574855766E-004  4.124939099002693E-003
      </IFC>
    </s_s1_m1_m2_m3.1.1.2.1.2>
    <s_s1_m1_m2_m3.1.1.3.1.2>
      <IFC type="real" size="9" columns="3">
 4.124939099002685E-003  7.675879574855760E-004  6.078400180781870E-004 
 7.675879574855760E-004  4.124939099002686E-003  6.078400180781865E-004 
 1.530416909941970E-003  1.530416909941970E-003  4.007292577534106E-003
      </IFC>
    </s_s1_m1_m2_m3.1.1.3.1.2>
    <s_s1_m1_m2_m3.1.1.4.1.2>
      <IFC type="real" size="9" columns="3">
 1.758142283373078E-002  3.406125591299336E-003 -3.406125591299330E-003 
-3.406125591299330E-003 -1.328808356478517E-003  6.478668503652574E-003 
 3.406125591299336E-003  6.478668503652574E-003 -1.328808356478523E-003
      </IFC>
    </s_s1_m1_m2_m3.1.1.4.1.2>
    <s_s1_m1_m2_m3.1.1.1.2.2>
      <IFC type="real" size="9" columns="3">
 4.124939099002693E-003  6.078400180781834E-004 -7.675879574855714E-004 
 1.530416909941967E-003  4.007292577534091E-003 -1.530416909941969E-003 
-7.675879574855714E-004 -6.078400180781858E-004  4.124939099002696E-003
      </IFC>
    </s_s1_m1_m2_m3.1.1.1.2.2>
    <s_s1_m1_m2_m3.1.1.2.2.2>
      <IFC type="real" size="9" columns="3">
 4.223321676026212E-003  1.192622389734055E-018  6.505213034913027E-019 
 9.757819552369540E-019  4.223321676026208E-003 -1.734723475976807E-018 
 7.047314121155779E-019 -1.626303258728257E-018  4.223321676026207E-003
      </IFC>
    </s_s1_m1_m2_m3.1.1.2.2.2>
    <s_s1_m1_m2_m3.1.1.3.2.2>
      <IFC type="real" size="9" columns="3">
 4.124939099002683E-003 -6.078400180781867E-004 -7.675879574855745E-004 
-1.530416909941970E-003  4.007292577534099E-003  1.530416909941966E-003 
-7.675879574855745E-004  6.078400180781826E-004  4.124939099002683E-003
      </IFC>
    </s_s1_m1_m2_m3.1.1.3.2.2>
    <s_s1_m1_m2_m3.1.1.4.2.2>
      <IFC type="real" size="9" columns="3">
 5.057815194554485E-003  3.469446951953614E-018  4.336808689942018E-019 
 3.686287386450715E-018  3.224915685128712E-003  8.673617379884035E-019 
 4.336808689942018E-019  8.673617379884035E-019  5.057815194554482E-003
      </IFC>
    </s_s1_m1_m2_m3.1.1.4.2.2>
    <s_s1_m1_m2_m3.1.1.1.3.2>
      <IFC type="real" size="9" columns="3">
 4.124939099002689E-003  7.675879574855751E-004 -6.078400180781877E-004 
 7.675879574855751E-004  4.124939099002689E-003 -6.078400180781886E-004 
-1.530416909941971E-003 -1.530416909941972E-003  4.007292577534093E-003
      </IFC>
    </s_s1_m1_m2_m3.1.1.1.3.2>
    <s_s1_m1_m2_m3.1.1.2.3.2>
      <IFC type="real" size="9" columns="3">
 4.007292577534103E-003 -1.530416909941965E-003 -1.530416909941968E-003 
-6.078400180781818E-004  4.124939099002687E-003  7.675879574855744E-004 
-6.078400180781845E-004  7.675879574855742E-004  4.124939099002678E-003
      </IFC>
    </s_s1_m1_m2_m3.1.1.2.3.2>
    <s_s1_m1_m2_m3.1.1.3.3.2>
      <IFC type="real" size="9" columns="3">
 4.181567973710595E-003 -3.244965223592404E-004 -3.135527273445319E-005 
-3.244965223592404E-004  4.181567973710596E-003  3.135527273445216E-005 
 3.135527273444809E-005 -3.135527273444912E-005  4.495330615889886E-003
      </IFC>
    </s_s1_m1_m2_m3.1.1.3.3.2>
    <s_s1_m1_m2_m3.1.1.4.3.2>
      <IFC type="real" size="9" columns="3">
 4.495330615889883E-003 -3.135527273444782E-005  3.135527273444901E-005 
 3.135527273445324E-005  4.181567973710590E-003 -3.244965223592406E-004 
-3.135527273445205E-005 -3.244965223592405E-004  4.181567973710589E-003
      </IFC>
    </s_s1_m1_m2_m3.1.1.4.3.2>
    <s_s1_m1_m2_m3.1.1.1.4.2>
      <IFC type="real" size="9" columns="3">
-1.328808356478525E-003 -3.406125591299332E-003 -6.478668503652573E-003 
 3.406125591299334E-003  1.758142283373078E-002  3.406125591299333E-003 
-6.478668503652573E-003 -3.406125591299334E-003 -1.328808356478521E-003
      </IFC>
    </s_s1_m1_m2_m3.1.1.1.4.2>
    <s_s1_m1_m2_m3.1.1.2.4.2>
      <IFC type="real" size="9" columns="3">
 3.224915685128712E-003  2.818925648462312E-018 -3.035766082959412E-018 
 2.602085213965211E-018  5.057815194554481E-003 -2.602085213965211E-018 
-3.035766082959412E-018 -2.602085213965211E-018  5.057815194554479E-003
      </IFC>
    </s_s1_m1_m2_m3.1.1.2.4.2>
    <s_s1_m1_m2_m3.1.1.3.4.2>
      <IFC type="real" size="9" columns="3">
 4.181567973710596E-003  3.135527273444999E-005  3.244965223592426E-004 
-3.135527273445129E-005  4.495330615889886E-003 -3.135527273444717E-005 
 3.244965223592426E-004  3.135527273445411E-005  4.181567973710600E-003
      </IFC>
    </s_s1_m1_m2_m3.1.1.3.4.2>
    <s_s1_m1_m2_m3.1.1.4.4.2>
      <IFC type="real" size="9" columns="3">
 5.057815194554481E-003 -1.626303258728257E-018 -3.198396408832238E-018 
-1.409462824231156E-018  5.057815194554481E-003 -3.794707603699266E-018 
-3.252606517456513E-018 -3.903127820947816E-018  3.224915685128713E-003
      </IFC>
    </s_s1_m1_m2_m3.1.1.4.4.2>
    <s_s1_m1_m2_m3.1.1.1.1.3>
      <IFC type="real" size="9" columns="3">
 4.418983868962945E-003  1.655280150633829E-003 -1.301042606982605E-018 
 1.655280150633829E-003  4.418983868962945E-003  3.035766082959412E-018 
-1.301042606982605E-018  3.035766082959412E-018  9.178592092605617E-003
      </IFC>
    </s_s1_m1_m2_m3.1.1.1.1.3>
    <s_s1_m1_m2_m3.1.1.2.1.3>
      <IFC type="real" size="9" columns="3">
 4.124939099002686E-003  6.078400180781882E-004  7.675879574855714E-004 
 1.530416909941971E-003  4.007292577534101E-003  1.530416909941969E-003 
 7.675879574855714E-004  6.078400180781853E-004  4.124939099002680E-003
      </IFC>
    </s_s1_m1_m2_m3.1.1.2.1.3>
    <s_s1_m1_m2_m3.1.1.3.1.3>
      <IFC type="real" size="9" columns="3">
 9.178592092605607E-003  1.463672932855431E-018 -4.336808689942018E-019 
 1.463672932855431E-018  4.418983868962940E-003  1.655280150633827E-003 
-4.336808689942018E-019  1.655280150633827E-003  4.418983868962935E-003
      </IFC>
    </s_s1_m1_m2_m3.1.1.3.1.3>
    <s_s1_m1_m2_m3.1.1.4.1.3>
      <IFC type="real" size="9" columns="3">
 4.124939099002686E-003  1.530416909941971E-003  7.675879574855714E-004 
 6.078400180781882E-004  4.007292577534101E-003  6.078400180781853E-004 
 7.675879574855714E-004  1.530416909941969E-003  4.124939099002680E-003
      </IFC>
    </s_s1_m1_m2_m3.1.1.4.1.3>
    <s_s1_m1_m2_m3.1.1.1.2.3>
      <IFC type="real" size="9" columns="3">
 4.007292577534093E-003  1.530416909941970E-003 -1.530416909941971E-003 
 6.078400180781860E-004  4.124939099002684E-003 -7.675879574855771E-004 
-6.078400180781879E-004 -7.675879574855771E-004  4.124939099002691E-003
      </IFC>
    </s_s1_m1_m2_m3.1.1.1.2.3>
    <s_s1_m1_m2_m3.1.1.2.2.3>
      <IFC type="real" size="9" columns="3">
 4.124939099002687E-003 -7.675879574855739E-004 -6.078400180781861E-004 
-7.675879574855735E-004  4.124939099002686E-003  6.078400180781836E-004 
-1.530416909941970E-003  1.530416909941967E-003  4.007292577534109E-003
      </IFC>
    </s_s1_m1_m2_m3.1.1.2.2.3>
    <s_s1_m1_m2_m3.1.1.3.2.3>
      <IFC type="real" size="9" columns="3">
 4.495330615889887E-003  3.135527273444858E-005  3.135527273444934E-005 
-3.135527273445270E-005  4.181567973710593E-003  3.244965223592371E-004 
-3.135527273445199E-005  3.244965223592371E-004  4.181567973710595E-003
      </IFC>
    </s_s1_m1_m2_m3.1.1.3.2.3>
    <s_s1_m1_m2_m3.1.1.4.2.3>
      <IFC type="real" size="9" columns="3">
 4.181567973710588E-003  3.244965223592419E-004 -3.135527273445335E-005 
 3.244965223592414E-004  4.181567973710588E-003 -3.135527273444966E-005 
 3.135527273444771E-005  3.135527273445161E-005  4.495330615889874E-003
      </IFC>
    </s_s1_m1_m2_m3.1.1.4.2.3>
    <s_s1_m1_m2_m3.1.1.1.3.3>
      <IFC type="real" size="9" columns="3">
 4.418983868962931E-003  1.409462824231156E-018 -1.655280150633828E-003 
 1.409462824231156E-018  9.178592092605610E-003  6.505213034913027E-019 
-1.655280150633828E-003  6.505213034913027E-019  4.418983868962927E-003
      </IFC>
    </s_s1_m1_m2_m3.1.1.1.3.3>
    <s_s1_m1_m2_m3.1.1.2.3.3>
      <IFC type="real" size="9" columns="3">
 4.181567973710591E-003 -3.135527273444955E-005 -3.244965223592402E-004 
 3.135527273445172E-005  4.495330615889888E-003 -3.135527273444663E-005 
-3.244965223592404E-004  3.135527273445476E-005  4.181567973710595E-003
      </IFC>
    </s_s1_m1_m2_m3.1.1.2.3.3>
    <s_s1_m1_m2_m3.1.1.3.3.3>
      <IFC type="real" size="9" columns="3">
 4.098169792843816E-003  2.927345865710862E-018 -5.421010862427522E-020 
 2.927345865710862E-018  4.098169792843816E-003 -6.505213034913027E-019 
-5.421010862427522E-020 -6.505213034913027E-019  4.098169792843825E-003
      </IFC>
    </s_s1_m1_m2_m3.1.1.3.3.3>
    <s_s1_m1_m2_m3.1.1.4.3.3>
      <IFC type="real" size="9" columns="3">
 4.181567973710591E-003  3.135527273445172E-005 -3.244965223592404E-004 
-3.135527273444955E-005  4.495330615889888E-003  3.135527273445476E-005 
-3.244965223592402E-004 -3.135527273444663E-005  4.181567973710595E-003
      </IFC>
    </s_s1_m1_m2_m3.1.1.4.3.3>
    <s_s1_m1_m2_m3.1.1.1.4.3>
      <IFC type="real" size="9" columns="3">
 4.007292577534093E-003  6.078400180781860E-004 -6.078400180781879E-004 
 1.530416909941970E-003  4.124939099002684E-003 -7.675879574855771E-004 
-1.530416909941971E-003 -7.675879574855771E-004  4.124939099002691E-003
      </IFC>
    </s_s1_m1_m2_m3.1.1.1.4.3>
    <s_s1_m1_m2_m3.1.1.2.4.3>
      <IFC type="real" size="9" columns="3">
 4.181567973710588E-003  3.244965223592414E-004  3.135527273444771E-005 
 3.244965223592419E-004  4.181567973710588E-003  3.135527273445161E-005 
-3.135527273445335E-005 -3.135527273444966E-005  4.495330615889874E-003
      </IFC>
    </s_s1_m1_m2_m3.1.1.2.4.3>
    <s_s1_m1_m2_m3.1.1.3.4.3>
      <IFC type="real" size="9" columns="3">
 4.495330615889887E-003 -3.135527273445270E-005 -3.135527273445199E-005 
 3.135527273444858E-005  4.181567973710593E-003  3.244965223592371E-004 
 3.135527273444934E-005  3.244965223592371E-004  4.181567973710595E-003
      </IFC>
    </s_s1_m1_m2_m3.1.1.3.4.3>
    <s_s1_m1_m2_m3.1.1.4.4.3>
      <IFC type="real" size="9" columns="3">
 4.124939099002687E-003 -7.675879574855735E-004 -1.530416909941970E-003 
-7.675879574855739E-004  4.124939099002686E-003  1.530416909941967E-003 
-6.078400180781861E-004  6.078400180781836E-004  4.007292577534109E-003
      </IFC>
    </s_s1_m1_m2_m3.1.1.4.4.3>
    <s_s1_m1_m2_m3.1.1.1.1.4>
      <IFC type="real" size="9" columns="3">
-1.328808356478514E-003  6.478668503652574E-003 -3.406125591299331E-003 
 6.478668503652574E-003 -1.328808356478514E-003  3.406125591299331E-003 
 3.406125591299334E-003 -3.406125591299335E-003  1.758142283373078E-002
      </IFC>
    </s_s1_m1_m2_m3.1.1.1.1.4>
    <s_s1_m1_m2_m3.1.1.2.1.4>
      <IFC type="real" size="9" columns="3">
 1.758142283373078E-002 -3.406125591299330E-003  3.406125591299336E-003 
 3.406125591299336E-003 -1.328808356478517E-003  6.478668503652574E-003 
-3.406125591299330E-003  6.478668503652574E-003 -1.328808356478523E-003
      </IFC>
    </s_s1_m1_m2_m3.1.1.2.1.4>
    <s_s1_m1_m2_m3.1.1.3.1.4>
      <IFC type="real" size="9" columns="3">
 4.124939099002685E-003  7.675879574855760E-004  1.530416909941970E-003 
 7.675879574855760E-004  4.124939099002686E-003  1.530416909941970E-003 
 6.078400180781870E-004  6.078400180781865E-004  4.007292577534106E-003
      </IFC>
    </s_s1_m1_m2_m3.1.1.3.1.4>
    <s_s1_m1_m2_m3.1.1.4.1.4>
      <IFC type="real" size="9" columns="3">
 4.007292577534096E-003  6.078400180781877E-004  6.078400180781864E-004 
 1.530416909941971E-003  4.124939099002683E-003  7.675879574855766E-004 
 1.530416909941970E-003  7.675879574855771E-004  4.124939099002693E-003
      </IFC>
    </s_s1_m1_m2_m3.1.1.4.1.4>
    <s_s1_m1_m2_m3.1.1.1.2.4>
      <IFC type="real" size="9" columns="3">
-1.328808356478525E-003  3.406125591299334E-003 -6.478668503652573E-003 
-3.406125591299332E-003  1.758142283373078E-002 -3.406125591299334E-003 
-6.478668503652573E-003  3.406125591299333E-003 -1.328808356478521E-003
      </IFC>
    </s_s1_m1_m2_m3.1.1.1.2.4>
    <s_s1_m1_m2_m3.1.1.2.2.4>
      <IFC type="real" size="9" columns="3">
 5.057815194554481E-003 -1.409462824231156E-018 -3.252606517456513E-018 
-1.626303258728257E-018  5.057815194554481E-003 -3.903127820947816E-018 
-3.198396408832238E-018 -3.794707603699266E-018  3.224915685128713E-003
      </IFC>
    </s_s1_m1_m2_m3.1.1.2.2.4>
    <s_s1_m1_m2_m3.1.1.3.2.4>
      <IFC type="real" size="9" columns="3">
 4.181567973710596E-003 -3.135527273445129E-005  3.244965223592426E-004 
 3.135527273444999E-005  4.495330615889886E-003  3.135527273445411E-005 
 3.244965223592426E-004 -3.135527273444717E-005  4.181567973710600E-003
      </IFC>
    </s_s1_m1_m2_m3.1.1.3.2.4>
    <s_s1_m1_m2_m3.1.1.4.2.4>
      <IFC type="real" size="9" columns="3">
 3.224915685128712E-003  2.602085213965211E-018 -3.035766082959412E-018 
 2.818925648462312E-018  5.057815194554481E-003 -2.602085213965211E-018 
-3.035766082959412E-018 -2.602085213965211E-018  5.057815194554479E-003
      </IFC>
    </s_s1_m1_m2_m3.1.1.4.2.4>
    <s_s1_m1_m2_m3.1.1.1.3.4>
      <IFC type="real" size="9" columns="3">
 4.124939099002689E-003  7.675879574855751E-004 -1.530416909941971E-003 
 7.675879574855751E-004  4.124939099002689E-003 -1.530416909941972E-003 
-6.078400180781877E-004 -6.078400180781886E-004  4.007292577534093E-003
      </IFC>
    </s_s1_m1_m2_m3.1.1.1.3.4>
    <s_s1_m1_m2_m3.1.1.2.3.4>
      <IFC type="real" size="9" columns="3">
 4.495330615889883E-003  3.135527273445324E-005 -3.135527273445205E-005 
-3.135527273444782E-005  4.181567973710590E-003 -3.244965223592405E-004 
 3.135527273444901E-005 -3.244965223592406E-004  4.181567973710589E-003
      </IFC>
    </s_s1_m1_m2_m3.1.1.2.3.4>
    <s_s1_m1_m2_m3.1.1.3.3.4>
      <IFC type="real" size="9" columns="3">
 4.181567973710595E-003 -3.244965223592404E-004  3.135527273444809E-005 
-3.244965223592404E-004  4.181567973710596E-003 -3.135527273444912E-005 
-3.135527273445319E-005  3.135527273445216E-005  4.495330615889886E-003
      </IFC>
    </s_s1_m1_m2_m3.1.1.3.3.4>
    <s_s1_m1_m2_m3.1.1.4.3.4>
      <IFC type="real" size="9" columns="3">
 4.007292577534103E-003 -6.078400180781818E-004 -6.078400180781845E-004 
-1.530416909941965E-003  4.124939099002687E-003  7.675879574855742E-004 
-1.530416909941968E-003  7.675879574855744E-004  4.124939099002678E-003
      </IFC>
    </s_s1_m1_m2_m3.1.1.4.3.4>
    <s_s1_m1_m2_m3.1.1.1.4.4>
      <IFC type="real" size="9" columns="3">
 4.124939099002693E-003  1.530416909941967E-003 -7.675879574855714E-004 
 6.078400180781834E-004  4.007292577534091E-003 -6.078400180781858E-004 
-7.675879574855714E-004 -1.530416909941969E-003  4.124939099002696E-003
      </IFC>
    </s_s1_m1_m2_m3.1.1.1.4.4>
    <s_s1_m1_m2_m3.1.1.2.4.4>
      <IFC type="real" size="9" columns="3">
 5.057815194554485E-003  3.686287386450715E-018  4.336808689942018E-019 
 3.469446951953614E-018  3.224915685128712E-003  8.673617379884035E-019 
 4.336808689942018E-019  8.673617379884035E-019  5.057815194554482E-003
      </IFC>
    </s_s1_m1_m2_m3.1.1.2.4.4>
    <s_s1_m1_m2_m3.1.1.3.4.4>
      <IFC type="real" size="9" columns="3">
 4.124939099002683E-003 -1.530416909941970E-003 -7.675879574855745E-004 
-6.078400180781867E-004  4.007292577534099E-003  6.078400180781826E-004 
-7.675879574855745E-004  1.530416909941966E-003  4.124939099002683E-003
      </IFC>
    </s_s1_m1_m2_m3.1.1.3.4.4>
    <s_s1_m1_m2_m3.1.1.4.4.4>
      <IFC type="real" size="9" columns="3">
 4.223321676026212E-003  9.757819552369540E-019  7.047314121155779E-019 
 1.192622389734055E-018  4.223321676026208E-003 -1.626303258728257E-018 
 6.505213034913027E-019 -1.734723475976807E-018  4.223321676026207E-003
      </IFC>
    </s_s1_m1_m2_m3.1.1.4.4.4>
    <s_s1_m1_m2_m3.1.2.1.1.1>
      <IFC type="real" size="9" columns="3">
-5.801363010912344E-002 -4.001559122872040E-002 -4.001559122872040E-002 
-4.001559122872039E-002 -5.801363010912344E-002 -4.001559122872039E-002 
-4.001559122872040E-002 -4.001559122872039E-002 -5.801363010912344E-002
      </IFC>
    </s_s1_m1_m2_m3.1.2.1.1.1>
    <s_s1_m1_m2_m3.1.2.2.1.1>
      <IFC type="real" size="9" columns="3">
-1.680095796417469E-003  3.943343732274843E-004 -3.943343732274812E-004 
 1.461209931440258E-003 -4.816460004031724E-003 -8.996903363178179E-004 
-1.461209931440254E-003 -8.996903363178180E-004 -4.816460004031724E-003
      </IFC>
    </s_s1_m1_m2_m3.1.2.2.1.1>
    <s_s1_m1_m2_m3.1.2.3.1.1>
      <IFC type="real" size="9" columns="3">
-3.255121168576844E-003 -5.550690159172774E-005 -5.136652292365772E-004 
 3.347975424152547E-004 -3.765908059379811E-003  3.347975424152545E-004 
-5.136652292365795E-004 -5.550690159172883E-005 -3.255121168576844E-003
      </IFC>
    </s_s1_m1_m2_m3.1.2.3.1.1>
    <s_s1_m1_m2_m3.1.2.4.1.1>
      <IFC type="real" size="9" columns="3">
-4.816460004031726E-003 -8.996903363178200E-004 -1.461209931440259E-003 
-8.996903363178192E-004 -4.816460004031726E-003  1.461209931440254E-003 
-3.943343732274819E-004  3.943343732274808E-004 -1.680095796417469E-003
      </IFC>
    </s_s1_m1_m2_m3.1.2.4.1.1>
    <s_s1_m1_m2_m3.1.2.1.2.1>
      <IFC type="real" size="9" columns="3">
-5.801363010912344E-002  4.001559122872040E-002  4.001559122872040E-002 
 4.001559122872040E-002 -5.801363010912344E-002 -4.001559122872039E-002 
 4.001559122872039E-002 -4.001559122872040E-002 -5.801363010912344E-002
      </IFC>
    </s_s1_m1_m2_m3.1.2.1.2.1>
    <s_s1_m1_m2_m3.1.2.2.2.1>
      <IFC type="real" size="9" columns="3">
-2.189816721319978E-003 -2.565044398021923E-003 -1.433788733535522E-003 
 2.203826771727986E-004 -5.645001941165889E-003 -2.203826771727945E-004 
-1.433788733535522E-003  2.565044398021931E-003 -2.189816721319978E-003
      </IFC>
    </s_s1_m1_m2_m3.1.2.2.2.1>
    <s_s1_m1_m2_m3.1.2.3.2.1>
      <IFC type="real" size="9" columns="3">
-2.189816721319978E-003  2.565044398021928E-003 -1.433788733535520E-003 
-2.203826771727945E-004 -5.645001941165889E-003  2.203826771727955E-004 
-1.433788733535519E-003 -2.565044398021928E-003 -2.189816721319979E-003
      </IFC>
    </s_s1_m1_m2_m3.1.2.3.2.1>
    <s_s1_m1_m2_m3.1.2.4.2.1>
      <IFC type="real" size="9" columns="3">
-5.801363010912344E-002 -4.001559122872039E-002  4.001559122872039E-002 
-4.001559122872039E-002 -5.801363010912344E-002  4.001559122872039E-002 
 4.001559122872040E-002  4.001559122872039E-002 -5.801363010912344E-002
      </IFC>
    </s_s1_m1_m2_m3.1.2.4.2.1>
    <s_s1_m1_m2_m3.1.2.1.3.1>
      <IFC type="real" size="9" columns="3">
-5.645001941165892E-003  2.203826771727995E-004  2.203826771727943E-004 
-2.565044398021926E-003 -2.189816721319973E-003  1.433788733535522E-003 
-2.565044398021929E-003  1.433788733535521E-003 -2.189816721319975E-003
      </IFC>
    </s_s1_m1_m2_m3.1.2.1.3.1>
    <s_s1_m1_m2_m3.1.2.2.3.1>
      <IFC type="real" size="9" columns="3">
-2.749155366957843E-003  5.895551261222672E-004 -5.895551261222705E-004 
 5.895551261222670E-004 -2.749155366957842E-003  5.895551261222672E-004 
-5.895551261222676E-004  5.895551261222669E-004 -2.749155366957838E-003
      </IFC>
    </s_s1_m1_m2_m3.1.2.2.3.1>
    <s_s1_m1_m2_m3.1.2.3.3.1>
      <IFC type="real" size="9" columns="3">
-2.189816721319974E-003  1.433788733535522E-003 -2.565044398021928E-003 
 1.433788733535523E-003 -2.189816721319972E-003 -2.565044398021929E-003 
 2.203826771727939E-004  2.203826771727945E-004 -5.645001941165890E-003
      </IFC>
    </s_s1_m1_m2_m3.1.2.3.3.1>
    <s_s1_m1_m2_m3.1.2.4.3.1>
      <IFC type="real" size="9" columns="3">
-4.816460004031723E-003  1.461209931440256E-003  8.996903363178176E-004 
 3.943343732274828E-004 -1.680095796417470E-003  3.943343732274828E-004 
 8.996903363178194E-004  1.461209931440258E-003 -4.816460004031724E-003
      </IFC>
    </s_s1_m1_m2_m3.1.2.4.3.1>
    <s_s1_m1_m2_m3.1.2.1.4.1>
      <IFC type="real" size="9" columns="3">
-5.645001941165893E-003 -2.203826771727954E-004 -2.203826771727981E-004 
 2.565044398021926E-003 -2.189816721319976E-003  1.433788733535524E-003 
 2.565044398021927E-003  1.433788733535524E-003 -2.189816721319977E-003
      </IFC>
    </s_s1_m1_m2_m3.1.2.1.4.1>
    <s_s1_m1_m2_m3.1.2.2.4.1>
      <IFC type="real" size="9" columns="3">
-2.189816721319976E-003  1.433788733535524E-003  2.565044398021929E-003 
 1.433788733535524E-003 -2.189816721319978E-003  2.565044398021928E-003 
-2.203826771727960E-004 -2.203826771727960E-004 -5.645001941165891E-003
      </IFC>
    </s_s1_m1_m2_m3.1.2.2.4.1>
    <s_s1_m1_m2_m3.1.2.3.4.1>
      <IFC type="real" size="9" columns="3">
-3.255121168576841E-003  5.136652292365806E-004  5.550690159172937E-005 
 5.136652292365808E-004 -3.255121168576841E-003 -5.550690159172807E-005 
-3.347975424152531E-004  3.347975424152538E-004 -3.765908059379810E-003
      </IFC>
    </s_s1_m1_m2_m3.1.2.3.4.1>
    <s_s1_m1_m2_m3.1.2.4.4.1>
      <IFC type="real" size="9" columns="3">
-3.765908059379808E-003  3.347975424152546E-004 -3.347975424152555E-004 
-5.550690159172780E-005 -3.255121168576843E-003  5.136652292365793E-004 
 5.550690159172606E-005  5.136652292365793E-004 -3.255121168576842E-003
      </IFC>
    </s_s1_m1_m2_m3.1.2.4.4.1>
    <s_s1_m1_m2_m3.1.2.1.1.2>
      <IFC type="real" size="9" columns="3">
-1.680095796417474E-003 -3.943343732274807E-004  3.943343732274846E-004 
-1.461209931440254E-003 -4.816460004031728E-003 -8.996903363178168E-004 
 1.461209931440260E-003 -8.996903363178172E-004 -4.816460004031721E-003
      </IFC>
    </s_s1_m1_m2_m3.1.2.1.1.2>
    <s_s1_m1_m2_m3.1.2.2.1.2>
      <IFC type="real" size="9" columns="3">
-2.883331156010251E-003 -2.368826531532881E-004 -2.368826531532855E-004 
-2.511386379878953E-004 -3.334235223172642E-003 -2.529149467795904E-004 
-2.511386379878948E-004 -2.529149467795905E-004 -3.334235223172640E-003
      </IFC>
    </s_s1_m1_m2_m3.1.2.2.1.2>
    <s_s1_m1_m2_m3.1.2.3.1.2>
      <IFC type="real" size="9" columns="3">
-3.334235223172641E-003 -2.529149467795925E-004 -2.511386379878991E-004 
-2.529149467795929E-004 -3.334235223172641E-003 -2.511386379878954E-004 
-2.368826531532893E-004 -2.368826531532882E-004 -2.883331156010254E-003
      </IFC>
    </s_s1_m1_m2_m3.1.2.3.1.2>
    <s_s1_m1_m2_m3.1.2.4.1.2>
      <IFC type="real" size="9" columns="3">
-4.816460004031725E-003 -8.996903363178183E-004  1.461209931440257E-003 
-8.996903363178183E-004 -4.816460004031729E-003 -1.461209931440253E-003 
 3.943343732274843E-004 -3.943343732274798E-004 -1.680095796417469E-003
      </IFC>
    </s_s1_m1_m2_m3.1.2.4.1.2>
    <s_s1_m1_m2_m3.1.2.1.2.2>
      <IFC type="real" size="9" columns="3">
-2.189816721319984E-003 -1.433788733535522E-003 -2.565044398021930E-003 
-1.433788733535522E-003 -2.189816721319973E-003  2.565044398021927E-003 
 2.203826771727951E-004 -2.203826771727951E-004 -5.645001941165885E-003
      </IFC>
    </s_s1_m1_m2_m3.1.2.1.2.2>
    <s_s1_m1_m2_m3.1.2.2.2.2>
      <IFC type="real" size="9" columns="3">
-2.749155366957845E-003 -5.895551261222666E-004 -5.895551261222665E-004 
-5.895551261222673E-004 -2.749155366957848E-003 -5.895551261222669E-004 
-5.895551261222669E-004 -5.895551261222668E-004 -2.749155366957849E-003
      </IFC>
    </s_s1_m1_m2_m3.1.2.2.2.2>
    <s_s1_m1_m2_m3.1.2.3.2.2>
      <IFC type="real" size="9" columns="3">
-5.645001941165896E-003 -2.203826771727959E-004  2.203826771727963E-004 
 2.565044398021928E-003 -2.189816721319978E-003 -1.433788733535521E-003 
-2.565044398021927E-003 -1.433788733535521E-003 -2.189816721319981E-003
      </IFC>
    </s_s1_m1_m2_m3.1.2.3.2.2>
    <s_s1_m1_m2_m3.1.2.4.2.2>
      <IFC type="real" size="9" columns="3">
-4.816460004031728E-003 -1.461209931440257E-003  8.996903363178189E-004 
-3.943343732274811E-004 -1.680095796417472E-003 -3.943343732274816E-004 
 8.996903363178211E-004 -1.461209931440255E-003 -4.816460004031722E-003
      </IFC>
    </s_s1_m1_m2_m3.1.2.4.2.2>
    <s_s1_m1_m2_m3.1.2.1.3.2>
      <IFC type="real" size="9" columns="3">
-2.749155366957850E-003 -5.895551261222683E-004  5.895551261222670E-004 
-5.895551261222666E-004 -2.749155366957841E-003  5.895551261222670E-004 
 5.895551261222670E-004  5.895551261222666E-004 -2.749155366957847E-003
      </IFC>
    </s_s1_m1_m2_m3.1.2.1.3.2>
    <s_s1_m1_m2_m3.1.2.2.3.2>
      <IFC type="real" size="9" columns="3">
-2.749155366957847E-003  5.895551261222659E-004  5.895551261222676E-004 
 5.895551261222680E-004 -2.749155366957849E-003 -5.895551261222659E-004 
 5.895551261222663E-004 -5.895551261222672E-004 -2.749155366957850E-003
      </IFC>
    </s_s1_m1_m2_m3.1.2.2.3.2>
    <s_s1_m1_m2_m3.1.2.3.3.2>
      <IFC type="real" size="9" columns="3">
-3.334235223172641E-003  2.511386379878954E-004  2.529149467795923E-004 
 2.368826531532880E-004 -2.883331156010254E-003 -2.368826531532867E-004 
 2.529149467795912E-004 -2.511386379878952E-004 -3.334235223172648E-003
      </IFC>
    </s_s1_m1_m2_m3.1.2.3.3.2>
    <s_s1_m1_m2_m3.1.2.4.3.2>
      <IFC type="real" size="9" columns="3">
-3.334235223172641E-003 -2.511386379878933E-004  2.529149467795909E-004 
-2.368826531532850E-004 -2.883331156010256E-003  2.368826531532904E-004 
 2.529149467795929E-004  2.511386379878977E-004 -3.334235223172641E-003
      </IFC>
    </s_s1_m1_m2_m3.1.2.4.3.2>
    <s_s1_m1_m2_m3.1.2.1.4.2>
      <IFC type="real" size="9" columns="3">
-2.189816721319982E-003  2.565044398021929E-003  1.433788733535521E-003 
-2.203826771727956E-004 -5.645001941165894E-003 -2.203826771727972E-004 
 1.433788733535521E-003  2.565044398021928E-003 -2.189816721319981E-003
      </IFC>
    </s_s1_m1_m2_m3.1.2.1.4.2>
    <s_s1_m1_m2_m3.1.2.2.4.2>
      <IFC type="real" size="9" columns="3">
-2.883331156010254E-003  2.368826531532905E-004  2.368826531532894E-004 
 2.511386379878983E-004 -3.334235223172640E-003 -2.529149467795891E-004 
 2.511386379878985E-004 -2.529149467795902E-004 -3.334235223172645E-003
      </IFC>
    </s_s1_m1_m2_m3.1.2.2.4.2>
    <s_s1_m1_m2_m3.1.2.3.4.2>
      <IFC type="real" size="9" columns="3">
-3.291933711114918E-003  1.571074898098541E-005 -1.571074898098530E-005 
 1.571074898098438E-005 -3.291933711114914E-003  1.571074898098498E-005 
-1.571074898098498E-005  1.571074898098633E-005 -3.291933711114922E-003
      </IFC>
    </s_s1_m1_m2_m3.1.2.3.4.2>
    <s_s1_m1_m2_m3.1.2.4.4.2>
      <IFC type="real" size="9" columns="3">
-3.334235223172641E-003 -2.529149467795918E-004  2.511386379878989E-004 
-2.529149467795914E-004 -3.334235223172641E-003  2.511386379879000E-004 
 2.368826531532880E-004  2.368826531532927E-004 -2.883331156010254E-003
      </IFC>
    </s_s1_m1_m2_m3.1.2.4.4.2>
    <s_s1_m1_m2_m3.1.2.1.1.3>
      <IFC type="real" size="9" columns="3">
-3.255121168576850E-003 -5.136652292365776E-004 -5.550690159172866E-005 
-5.136652292365811E-004 -3.255121168576843E-003 -5.550690159172866E-005 
 3.347975424152563E-004  3.347975424152529E-004 -3.765908059379815E-003
      </IFC>
    </s_s1_m1_m2_m3.1.2.1.1.3>
    <s_s1_m1_m2_m3.1.2.2.1.3>
      <IFC type="real" size="9" columns="3">
-3.334235223172641E-003 -2.511386379878986E-004 -2.529149467795921E-004 
-2.368826531532905E-004 -2.883331156010257E-003 -2.368826531532870E-004 
-2.529149467795918E-004 -2.511386379878952E-004 -3.334235223172638E-003
      </IFC>
    </s_s1_m1_m2_m3.1.2.2.1.3>
    <s_s1_m1_m2_m3.1.2.3.1.3>
      <IFC type="real" size="9" columns="3">
-3.765908059379815E-003  3.347975424152539E-004  3.347975424152539E-004 
-5.550690159172769E-005 -3.255121168576847E-003 -5.136652292365755E-004 
-5.550690159172823E-005 -5.136652292365759E-004 -3.255121168576851E-003
      </IFC>
    </s_s1_m1_m2_m3.1.2.3.1.3>
    <s_s1_m1_m2_m3.1.2.4.1.3>
      <IFC type="real" size="9" columns="3">
-3.332711285541285E-003 -2.873597223416334E-004  2.873597223416371E-004 
-2.873597223416333E-004 -3.332711285541284E-003 -2.873597223416331E-004 
 2.873597223416385E-004 -2.873597223416322E-004 -3.332711285541285E-003
      </IFC>
    </s_s1_m1_m2_m3.1.2.4.1.3>
    <s_s1_m1_m2_m3.1.2.1.2.3>
      <IFC type="real" size="9" columns="3">
-2.189816721319984E-003 -1.433788733535522E-003  2.565044398021930E-003 
-1.433788733535522E-003 -2.189816721319980E-003 -2.565044398021927E-003 
-2.203826771727986E-004  2.203826771728021E-004 -5.645001941165885E-003
      </IFC>
    </s_s1_m1_m2_m3.1.2.1.2.3>
    <s_s1_m1_m2_m3.1.2.2.2.3>
      <IFC type="real" size="9" columns="3">
-5.645001941165895E-003  2.203826771727960E-004 -2.203826771727964E-004 
-2.565044398021927E-003 -2.189816721319983E-003 -1.433788733535521E-003 
 2.565044398021929E-003 -1.433788733535522E-003 -2.189816721319976E-003
      </IFC>
    </s_s1_m1_m2_m3.1.2.2.2.3>
    <s_s1_m1_m2_m3.1.2.3.2.3>
      <IFC type="real" size="9" columns="3">
-3.765908059379815E-003 -3.347975424152537E-004 -3.347975424152520E-004 
 5.550690159172785E-005 -3.255121168576846E-003 -5.136652292365793E-004 
 5.550690159173170E-005 -5.136652292365782E-004 -3.255121168576844E-003
      </IFC>
    </s_s1_m1_m2_m3.1.2.3.2.3>
    <s_s1_m1_m2_m3.1.2.4.2.3>
      <IFC type="real" size="9" columns="3">
-3.255121168576847E-003 -5.136652292365845E-004  5.550690159173213E-005 
-5.136652292365845E-004 -3.255121168576847E-003  5.550690159172866E-005 
-3.347975424152563E-004 -3.347975424152529E-004 -3.765908059379808E-003
      </IFC>
    </s_s1_m1_m2_m3.1.2.4.2.3>
    <s_s1_m1_m2_m3.1.2.1.3.3>
      <IFC type="real" size="9" columns="3">
-2.189816721319980E-003 -2.565044398021929E-003  1.433788733535521E-003 
 2.203826771727977E-004 -5.645001941165892E-003  2.203826771727986E-004 
 1.433788733535521E-003 -2.565044398021928E-003 -2.189816721319977E-003
      </IFC>
    </s_s1_m1_m2_m3.1.2.1.3.3>
    <s_s1_m1_m2_m3.1.2.2.3.3>
      <IFC type="real" size="9" columns="3">
-3.334235223172640E-003  2.529149467795915E-004  2.511386379878974E-004 
 2.529149467795912E-004 -3.334235223172642E-003 -2.511386379878944E-004 
 2.368826531532905E-004 -2.368826531532867E-004 -2.883331156010255E-003
      </IFC>
    </s_s1_m1_m2_m3.1.2.2.3.3>
    <s_s1_m1_m2_m3.1.2.3.3.3>
      <IFC type="real" size="9" columns="3">
-3.291933711114918E-003 -1.571074898098471E-005 -1.571074898098481E-005 
-1.571074898098351E-005 -3.291933711114918E-003 -1.571074898098026E-005 
-1.571074898098644E-005 -1.571074898098140E-005 -3.291933711114924E-003
      </IFC>
    </s_s1_m1_m2_m3.1.2.3.3.3>
    <s_s1_m1_m2_m3.1.2.4.3.3>
      <IFC type="real" size="9" columns="3">
-2.883331156010257E-003 -2.368826531532876E-004  2.368826531532865E-004 
-2.511386379878959E-004 -3.334235223172645E-003  2.529149467795924E-004 
 2.511386379878951E-004  2.529149467795933E-004 -3.334235223172641E-003
      </IFC>
    </s_s1_m1_m2_m3.1.2.4.3.3>
    <s_s1_m1_m2_m3.1.2.1.4.3>
      <IFC type="real" size="9" columns="3">
-3.255121168576849E-003  5.550690159172845E-005  5.136652292365799E-004 
-3.347975424152542E-004 -3.765908059379811E-003  3.347975424152577E-004 
 5.136652292365811E-004 -5.550690159172563E-005 -3.255121168576849E-003
      </IFC>
    </s_s1_m1_m2_m3.1.2.1.4.3>
    <s_s1_m1_m2_m3.1.2.2.4.3>
      <IFC type="real" size="9" columns="3">
-3.291933711114918E-003 -1.571074898098438E-005  1.571074898098655E-005 
-1.571074898098568E-005 -3.291933711114915E-003  1.571074898098763E-005 
