Dynamical matrix file
                                                                           
  2    5  1 15.0000000  0.0000000  0.0000000  0.0000000  0.0000000  0.0000000
           1  'H   '    911.444242132273     
           2  'C   '    10937.3309055873     
    1    1      0.0807288930      0.0807288930      0.0807288930
    2    1     -0.0807288930     -0.0807288930      0.0807288930
    3    1      0.0807288930     -0.0807288930     -0.0807288930
    4    1     -0.0807288930      0.0807288930     -0.0807288930
    5    2      0.0000000000      0.0000000000      0.0000000000

     Dynamical  Matrix in cartesian axes

     q = (    0.000000000   0.000000000   0.000000000 ) 

    1    1
  0.27215869  0.00000000    0.19612390  0.00000000    0.19612390  0.00000000
  0.19612390  0.00000000    0.27215869  0.00000000    0.19612390  0.00000000
  0.19612390  0.00000000    0.19612390  0.00000000    0.27215869  0.00000000
    1    2
 -0.01923348  0.00000000   -0.01479791  0.00000000   -0.02039358  0.00000000
 -0.01479791  0.00000000   -0.01923348  0.00000000   -0.02039358  0.00000000
  0.02039361  0.00000000    0.02039361  0.00000000    0.02062402  0.00000000
    1    3
  0.02062402  0.00000000    0.02039361  0.00000000    0.02039361  0.00000000
 -0.02039358  0.00000000   -0.01923348  0.00000000   -0.01479791  0.00000000
 -0.02039358  0.00000000   -0.01479791  0.00000000   -0.01923348  0.00000000
    1    4
 -0.01923348  0.00000000   -0.02039358  0.00000000   -0.01479791  0.00000000
  0.02039361  0.00000000    0.02062402  0.00000000    0.02039361  0.00000000
 -0.01479791  0.00000000   -0.02039358  0.00000000   -0.01923348  0.00000000
    1    5
 -0.25432813  0.00000000   -0.18132602  0.00000000   -0.18132602  0.00000000
 -0.18132602  0.00000000   -0.25432813  0.00000000   -0.18132602  0.00000000
 -0.18132602  0.00000000   -0.18132602  0.00000000   -0.25432813  0.00000000
    2    1
 -0.01923348  0.00000000   -0.01479791  0.00000000    0.02039358  0.00000000
 -0.01479791  0.00000000   -0.01923348  0.00000000    0.02039358  0.00000000
 -0.02039361  0.00000000   -0.02039361  0.00000000    0.02062402  0.00000000
    2    2
  0.27215869  0.00000000    0.19612390  0.00000000   -0.19612390  0.00000000
  0.19612390  0.00000000    0.27215869  0.00000000   -0.19612390  0.00000000
 -0.19612390  0.00000000   -0.19612390  0.00000000    0.27215869  0.00000000
    2    3
 -0.01923348  0.00000000   -0.02039358  0.00000000    0.01479791  0.00000000
  0.02039361  0.00000000    0.02062402  0.00000000   -0.02039361  0.00000000
  0.01479791  0.00000000    0.02039358  0.00000000   -0.01923348  0.00000000
    2    4
  0.02062402  0.00000000    0.02039361  0.00000000   -0.02039361  0.00000000
 -0.02039358  0.00000000   -0.01923348  0.00000000    0.01479791  0.00000000
  0.02039358  0.00000000    0.01479791  0.00000000   -0.01923348  0.00000000
    2    5
 -0.25432813  0.00000000   -0.18132602  0.00000000    0.18132602  0.00000000
 -0.18132602  0.00000000   -0.25432813  0.00000000    0.18132602  0.00000000
  0.18132602  0.00000000    0.18132602  0.00000000   -0.25432813  0.00000000
    3    1
  0.02062402  0.00000000   -0.02039361  0.00000000   -0.02039361  0.00000000
  0.02039358  0.00000000   -0.01923348  0.00000000   -0.01479791  0.00000000
  0.02039358  0.00000000   -0.01479791  0.00000000   -0.01923348  0.00000000
    3    2
 -0.01923348  0.00000000    0.02039358  0.00000000    0.01479791  0.00000000
 -0.02039361  0.00000000    0.02062402  0.00000000    0.02039361  0.00000000
  0.01479791  0.00000000   -0.02039358  0.00000000   -0.01923348  0.00000000
    3    3
  0.27215869  0.00000000   -0.19612390  0.00000000   -0.19612390  0.00000000
 -0.19612390  0.00000000    0.27215869  0.00000000    0.19612390  0.00000000
 -0.19612390  0.00000000    0.19612390  0.00000000    0.27215869  0.00000000
    3    4
 -0.01923348  0.00000000    0.01479791  0.00000000    0.02039358  0.00000000
  0.01479791  0.00000000   -0.01923348  0.00000000   -0.02039358  0.00000000
 -0.02039361  0.00000000    0.02039361  0.00000000    0.02062402  0.00000000
    3    5
 -0.25432813  0.00000000    0.18132602  0.00000000    0.18132602  0.00000000
  0.18132602  0.00000000   -0.25432813  0.00000000   -0.18132602  0.00000000
  0.18132602  0.00000000   -0.18132602  0.00000000   -0.25432813  0.00000000
    4    1
 -0.01923348  0.00000000    0.02039358  0.00000000   -0.01479791  0.00000000
 -0.02039361  0.00000000    0.02062402  0.00000000   -0.02039361  0.00000000
 -0.01479791  0.00000000    0.02039358  0.00000000   -0.01923348  0.00000000
    4    2
  0.02062402  0.00000000   -0.02039361  0.00000000    0.02039361  0.00000000
  0.02039358  0.00000000   -0.01923348  0.00000000    0.01479791  0.00000000
 -0.02039358  0.00000000    0.01479791  0.00000000   -0.01923348  0.00000000
    4    3
 -0.01923348  0.00000000    0.01479791  0.00000000   -0.02039358  0.00000000
  0.01479791  0.00000000   -0.01923348  0.00000000    0.02039358  0.00000000
  0.02039361  0.00000000   -0.02039361  0.00000000    0.02062402  0.00000000
    4    4
  0.27215869  0.00000000   -0.19612390  0.00000000    0.19612390  0.00000000
 -0.19612390  0.00000000    0.27215869  0.00000000   -0.19612390  0.00000000
  0.19612390  0.00000000   -0.19612390  0.00000000    0.27215869  0.00000000
    4    5
 -0.25432813  0.00000000    0.18132602  0.00000000   -0.18132602  0.00000000
  0.18132602  0.00000000   -0.25432813  0.00000000    0.18132602  0.00000000
 -0.18132602  0.00000000    0.18132602  0.00000000   -0.25432813  0.00000000
    5    1
 -0.25431575  0.00000000   -0.18132596  0.00000000   -0.18132596  0.00000000
 -0.18132596  0.00000000   -0.25431575  0.00000000   -0.18132596  0.00000000
 -0.18132596  0.00000000   -0.18132596  0.00000000   -0.25431575  0.00000000
    5    2
 -0.25431575  0.00000000   -0.18132596  0.00000000    0.18132596  0.00000000
 -0.18132596  0.00000000   -0.25431575  0.00000000    0.18132596  0.00000000
  0.18132596  0.00000000    0.18132596  0.00000000   -0.25431575  0.00000000
    5    3
 -0.25431575  0.00000000    0.18132596  0.00000000    0.18132596  0.00000000
  0.18132596  0.00000000   -0.25431575  0.00000000   -0.18132596  0.00000000
  0.18132596  0.00000000   -0.18132596  0.00000000   -0.25431575  0.00000000
    5    4
 -0.25431575  0.00000000    0.18132596  0.00000000   -0.18132596  0.00000000
  0.18132596  0.00000000   -0.25431575  0.00000000    0.18132596  0.00000000
 -0.18132596  0.00000000    0.18132596  0.00000000   -0.25431575  0.00000000
    5    5
  1.01731250  0.00000000    0.00000000  0.00000000    0.00000000  0.00000000
  0.00000000  0.00000000    1.01731250  0.00000000    0.00000000  0.00000000
  0.00000000  0.00000000    0.00000000  0.00000000    1.01731250  0.00000000

     Dielectric Tensor:

          1.071109408375          0.000000000000          0.000000000000
          0.000000000000          1.071109408375          0.000000000000
          0.000000000000          0.000000000000          1.071109408375

     Effective Charges E-U: Z_{alpha}{s,beta}

     atom #    1
          0.023040712945         -0.057534528250         -0.057534528250
         -0.057534528250          0.023040712945         -0.057534528250
         -0.057534528250         -0.057534528250          0.023040712945
     atom #    2
          0.023040712945         -0.057534528250          0.057534528250
         -0.057534528250          0.023040712945          0.057534528250
          0.057534528250          0.057534528250          0.023040712945
     atom #    3
          0.023040712945          0.057534528250          0.057534528250
          0.057534528250          0.023040712945         -0.057534528250
          0.057534528250         -0.057534528250          0.023040712945
     atom #    4
          0.023040712945          0.057534528250         -0.057534528250
          0.057534528250          0.023040712945          0.057534528250
         -0.057534528250          0.057534528250          0.023040712945
     atom #    5
          0.064020525103          0.000000000000          0.000000000000
          0.000000000000          0.064020525103          0.000000000000
          0.000000000000          0.000000000000          0.064020525103

     Diagonalizing the dynamical matrix

     q = (    0.000000000   0.000000000   0.000000000 ) 

 **************************************************************************
     freq (    1) =      -1.438784 [THz] =     -47.992678 [cm-1]
 (  0.353553  0.000000 -0.000002  0.000000 -0.353553  0.000000 ) 
 (  0.353553  0.000000 -0.000002  0.000000  0.353553  0.000000 ) 
 ( -0.353553  0.000000 -0.000001  0.000000 -0.353553  0.000000 ) 
 ( -0.353553  0.000000 -0.000001  0.000000  0.353553  0.000000 ) 
 (  0.000000  0.000000 -0.000002  0.000000  0.000000  0.000000 ) 
     freq (    2) =      -1.438784 [THz] =     -47.992653 [cm-1]
 ( -0.000006  0.000000  0.353553  0.000000 -0.353553  0.000000 ) 
 ( -0.000006  0.000000  0.353553  0.000000  0.353553  0.000000 ) 
 ( -0.000007  0.000000 -0.353553  0.000000  0.353553  0.000000 ) 
 ( -0.000007  0.000000 -0.353553  0.000000 -0.353553  0.000000 ) 
 ( -0.000007  0.000000 -0.000000  0.000000 -0.000000  0.000000 ) 
     freq (    3) =      -1.438757 [THz] =     -47.991774 [cm-1]
 ( -0.353553  0.000000  0.353553  0.000000 -0.000001  0.000000 ) 
 (  0.353553  0.000000 -0.353553  0.000000 -0.000001  0.000000 ) 
 (  0.353553  0.000000  0.353553  0.000000 -0.000001  0.000000 ) 
 ( -0.353553  0.000000 -0.353553  0.000000 -0.000001  0.000000 ) 
 (  0.000000  0.000000  0.000000  0.000000 -0.000001  0.000000 ) 
     freq (    4) =      -0.000960 [THz] =      -0.032024 [cm-1]
 (  0.000068  0.000000 -0.447218  0.000000 -0.000037  0.000000 ) 
 (  0.000068  0.000000 -0.447218  0.000000 -0.000061  0.000000 ) 
 (  0.000059  0.000000 -0.447218  0.000000 -0.000037  0.000000 ) 
 (  0.000059  0.000000 -0.447218  0.000000 -0.000061  0.000000 ) 
 (  0.000063  0.000000 -0.447196  0.000000 -0.000049  0.000000 ) 
     freq (    5) =      -0.000958 [THz] =      -0.031958 [cm-1]
 (  0.447218  0.000000  0.000072  0.000000  0.000193  0.000000 ) 
 (  0.447218  0.000000  0.000072  0.000000  0.000242  0.000000 ) 
 (  0.447218  0.000000  0.000055  0.000000  0.000242  0.000000 ) 
 (  0.447218  0.000000  0.000055  0.000000  0.000193  0.000000 ) 
 (  0.447196  0.000000  0.000063  0.000000  0.000218  0.000000 ) 
     freq (    6) =      -0.000958 [THz] =      -0.031954 [cm-1]
 ( -0.000227  0.000000 -0.000056  0.000000  0.447218  0.000000 ) 
 ( -0.000208  0.000000 -0.000043  0.000000  0.447218  0.000000 ) 
 ( -0.000208  0.000000 -0.000056  0.000000  0.447218  0.000000 ) 
 ( -0.000227  0.000000 -0.000043  0.000000  0.447218  0.000000 ) 
 ( -0.000218  0.000000 -0.000049  0.000000  0.447196  0.000000 ) 
     freq (    7) =      36.776454 [THz] =    1226.730452 [cm-1]
 (  0.231487  0.000000  0.231487  0.000000 -0.372782  0.000000 ) 
 ( -0.231487  0.000000 -0.231487  0.000000 -0.372782  0.000000 ) 
 ( -0.231487  0.000000  0.231487  0.000000 -0.372782  0.000000 ) 
 (  0.231487  0.000000 -0.231487  0.000000 -0.372782  0.000000 ) 
 ( -0.000000  0.000000  0.000000  0.000000  0.124270  0.000000 ) 
     freq (    8) =      36.776454 [THz] =    1226.730471 [cm-1]
 ( -0.231487  0.000000  0.372782  0.000000 -0.231487  0.000000 ) 
 ( -0.231487  0.000000  0.372782  0.000000  0.231487  0.000000 ) 
 (  0.231487  0.000000  0.372782  0.000000 -0.231487  0.000000 ) 
 (  0.231487  0.000000  0.372782  0.000000  0.231487  0.000000 ) 
 (  0.000000  0.000000 -0.124270  0.000000  0.000000  0.000000 ) 
     freq (    9) =      36.776455 [THz] =    1226.730483 [cm-1]
 ( -0.372782  0.000000  0.231487  0.000000  0.231487  0.000000 ) 
 ( -0.372782  0.000000  0.231487  0.000000 -0.231487  0.000000 ) 
 ( -0.372782  0.000000 -0.231487  0.000000 -0.231487  0.000000 ) 
 ( -0.372782  0.000000 -0.231487  0.000000  0.231487  0.000000 ) 
 (  0.124270  0.000000  0.000000  0.000000  0.000000  0.000000 ) 
     freq (   10) =      43.739923 [THz] =    1459.006781 [cm-1]
 (  0.222384  0.000000  0.185302  0.000000 -0.407687  0.000000 ) 
 ( -0.222384  0.000000 -0.185302  0.000000 -0.407687  0.000000 ) 
 (  0.222384  0.000000 -0.185302  0.000000  0.407687  0.000000 ) 
 ( -0.222384  0.000000  0.185302  0.000000  0.407687  0.000000 ) 
 (  0.000000  0.000000  0.000000  0.000000 -0.000000  0.000000 ) 
     freq (   11) =      43.739925 [THz] =    1459.006844 [cm-1]
 (  0.342362  0.000000 -0.363771  0.000000  0.021409  0.000000 ) 
 ( -0.342362  0.000000  0.363771  0.000000  0.021409  0.000000 ) 
 (  0.342362  0.000000  0.363771  0.000000 -0.021409  0.000000 ) 
 ( -0.342362  0.000000 -0.363771  0.000000 -0.021409  0.000000 ) 
 (  0.000000  0.000000 -0.000000  0.000000  0.000000  0.000000 ) 
     freq (   12) =      89.297458 [THz] =    2978.642589 [cm-1]
 (  0.288675  0.000000  0.288675  0.000000  0.288675  0.000000 ) 
 ( -0.288675  0.000000 -0.288675  0.000000  0.288675  0.000000 ) 
 (  0.288675  0.000000 -0.288675  0.000000 -0.288675  0.000000 ) 
 ( -0.288675  0.000000  0.288675  0.000000 -0.288675  0.000000 ) 
 ( -0.000000  0.000000  0.000000  0.000000 -0.000000  0.000000 ) 
     freq (   13) =      93.004900 [THz] =    3102.309541 [cm-1]
 ( -0.294032  0.000000 -0.294032  0.000000 -0.273873  0.000000 ) 
 (  0.294032  0.000000  0.294032  0.000000 -0.273873  0.000000 ) 
 (  0.294032  0.000000 -0.294032  0.000000 -0.273873  0.000000 ) 
 ( -0.294032  0.000000  0.294032  0.000000 -0.273873  0.000000 ) 
 ( -0.000000  0.000000  0.000000  0.000000  0.091292  0.000000 ) 
     freq (   14) =      93.004900 [THz] =    3102.309548 [cm-1]
 ( -0.294032  0.000000 -0.273873  0.000000 -0.294032  0.000000 ) 
 ( -0.294032  0.000000 -0.273873  0.000000  0.294032  0.000000 ) 
 (  0.294032  0.000000 -0.273873  0.000000 -0.294032  0.000000 ) 
 (  0.294032  0.000000 -0.273873  0.000000  0.294032  0.000000 ) 
 ( -0.000000  0.000000  0.091292  0.000000 -0.000000  0.000000 ) 
     freq (   15) =      93.004901 [THz] =    3102.309554 [cm-1]
 (  0.273873  0.000000  0.294032  0.000000  0.294032  0.000000 ) 
 (  0.273873  0.000000  0.294032  0.000000 -0.294032  0.000000 ) 
 (  0.273873  0.000000 -0.294032  0.000000 -0.294032  0.000000 ) 
 (  0.273873  0.000000 -0.294032  0.000000  0.294032  0.000000 ) 
 ( -0.091292  0.000000 -0.000000  0.000000 -0.000000  0.000000 ) 
 **************************************************************************
