Dynamical matrix file
                                                                           
  2    5  1 15.0000000  0.0000000  0.0000000  0.0000000  0.0000000  0.0000000
           1  'H   '    911.444242132273     
           2  'C   '    10937.3309055873     
    1    1      0.0807288930      0.0807288930      0.0807288930
    2    1     -0.0807288930     -0.0807288930      0.0807288930
    3    1      0.0807288930     -0.0807288930     -0.0807288930
    4    1     -0.0807288930      0.0807288930     -0.0807288930
    5    2      0.0000000000      0.0000000000      0.0000000000

     Dynamical  Matrix in cartesian axes

     q = (    0.000000000   0.000000000   0.000000000 ) 

    1    1
  0.27216050  0.00000000    0.19612559  0.00000000    0.19612559  0.00000000
  0.19612559  0.00000000    0.27216050  0.00000000    0.19612559  0.00000000
  0.19612559  0.00000000    0.19612559  0.00000000    0.27216050  0.00000000
    1    2
 -0.01923522  0.00000000   -0.01479949  0.00000000   -0.02039188  0.00000000
 -0.01479949  0.00000000   -0.01923522  0.00000000   -0.02039188  0.00000000
  0.02039192  0.00000000    0.02039192  0.00000000    0.02062570  0.00000000
    1    3
  0.02062570  0.00000000    0.02039192  0.00000000    0.02039192  0.00000000
 -0.02039188  0.00000000   -0.01923522  0.00000000   -0.01479949  0.00000000
 -0.02039188  0.00000000   -0.01479949  0.00000000   -0.01923522  0.00000000
    1    4
 -0.01923522  0.00000000   -0.02039188  0.00000000   -0.01479949  0.00000000
  0.02039192  0.00000000    0.02062570  0.00000000    0.02039192  0.00000000
 -0.01479949  0.00000000   -0.02039188  0.00000000   -0.01923522  0.00000000
    1    5
 -0.25432848  0.00000000   -0.18132577  0.00000000   -0.18132577  0.00000000
 -0.18132577  0.00000000   -0.25432848  0.00000000   -0.18132577  0.00000000
 -0.18132577  0.00000000   -0.18132577  0.00000000   -0.25432848  0.00000000
    2    1
 -0.01923522  0.00000000   -0.01479949  0.00000000    0.02039188  0.00000000
 -0.01479949  0.00000000   -0.01923522  0.00000000    0.02039188  0.00000000
 -0.02039192  0.00000000   -0.02039192  0.00000000    0.02062570  0.00000000
    2    2
  0.27216050  0.00000000    0.19612559  0.00000000   -0.19612559  0.00000000
  0.19612559  0.00000000    0.27216050  0.00000000   -0.19612559  0.00000000
 -0.19612559  0.00000000   -0.19612559  0.00000000    0.27216050  0.00000000
    2    3
 -0.01923522  0.00000000   -0.02039188  0.00000000    0.01479949  0.00000000
  0.02039192  0.00000000    0.02062570  0.00000000   -0.02039192  0.00000000
  0.01479949  0.00000000    0.02039188  0.00000000   -0.01923522  0.00000000
    2    4
  0.02062570  0.00000000    0.02039192  0.00000000   -0.02039192  0.00000000
 -0.02039188  0.00000000   -0.01923522  0.00000000    0.01479949  0.00000000
  0.02039188  0.00000000    0.01479949  0.00000000   -0.01923522  0.00000000
    2    5
 -0.25432848  0.00000000   -0.18132577  0.00000000    0.18132577  0.00000000
 -0.18132577  0.00000000   -0.25432848  0.00000000    0.18132577  0.00000000
  0.18132577  0.00000000    0.18132577  0.00000000   -0.25432848  0.00000000
    3    1
  0.02062570  0.00000000   -0.02039192  0.00000000   -0.02039192  0.00000000
  0.02039188  0.00000000   -0.01923522  0.00000000   -0.01479949  0.00000000
  0.02039188  0.00000000   -0.01479949  0.00000000   -0.01923522  0.00000000
    3    2
 -0.01923522  0.00000000    0.02039188  0.00000000    0.01479949  0.00000000
 -0.02039192  0.00000000    0.02062570  0.00000000    0.02039192  0.00000000
  0.01479949  0.00000000   -0.02039188  0.00000000   -0.01923522  0.00000000
    3    3
  0.27216050  0.00000000   -0.19612559  0.00000000   -0.19612559  0.00000000
 -0.19612559  0.00000000    0.27216050  0.00000000    0.19612559  0.00000000
 -0.19612559  0.00000000    0.19612559  0.00000000    0.27216050  0.00000000
    3    4
 -0.01923522  0.00000000    0.01479949  0.00000000    0.02039188  0.00000000
  0.01479949  0.00000000   -0.01923522  0.00000000   -0.02039188  0.00000000
 -0.02039192  0.00000000    0.02039192  0.00000000    0.02062570  0.00000000
    3    5
 -0.25432848  0.00000000    0.18132577  0.00000000    0.18132577  0.00000000
  0.18132577  0.00000000   -0.25432848  0.00000000   -0.18132577  0.00000000
  0.18132577  0.00000000   -0.18132577  0.00000000   -0.25432848  0.00000000
    4    1
 -0.01923522  0.00000000    0.02039188  0.00000000   -0.01479949  0.00000000
 -0.02039192  0.00000000    0.02062570  0.00000000   -0.02039192  0.00000000
 -0.01479949  0.00000000    0.02039188  0.00000000   -0.01923522  0.00000000
    4    2
  0.02062570  0.00000000   -0.02039192  0.00000000    0.02039192  0.00000000
  0.02039188  0.00000000   -0.01923522  0.00000000    0.01479949  0.00000000
 -0.02039188  0.00000000    0.01479949  0.00000000   -0.01923522  0.00000000
    4    3
 -0.01923522  0.00000000    0.01479949  0.00000000   -0.02039188  0.00000000
  0.01479949  0.00000000   -0.01923522  0.00000000    0.02039188  0.00000000
  0.02039192  0.00000000   -0.02039192  0.00000000    0.02062570  0.00000000
    4    4
  0.27216050  0.00000000   -0.19612559  0.00000000    0.19612559  0.00000000
 -0.19612559  0.00000000    0.27216050  0.00000000   -0.19612559  0.00000000
  0.19612559  0.00000000   -0.19612559  0.00000000    0.27216050  0.00000000
    4    5
 -0.25432848  0.00000000    0.18132577  0.00000000   -0.18132577  0.00000000
  0.18132577  0.00000000   -0.25432848  0.00000000    0.18132577  0.00000000
 -0.18132577  0.00000000    0.18132577  0.00000000   -0.25432848  0.00000000
    5    1
 -0.25431576  0.00000000   -0.18132604  0.00000000   -0.18132604  0.00000000
 -0.18132604  0.00000000   -0.25431576  0.00000000   -0.18132604  0.00000000
 -0.18132604  0.00000000   -0.18132604  0.00000000   -0.25431576  0.00000000
    5    2
 -0.25431576  0.00000000   -0.18132604  0.00000000    0.18132604  0.00000000
 -0.18132604  0.00000000   -0.25431576  0.00000000    0.18132604  0.00000000
  0.18132604  0.00000000    0.18132604  0.00000000   -0.25431576  0.00000000
    5    3
 -0.25431576  0.00000000    0.18132604  0.00000000    0.18132604  0.00000000
  0.18132604  0.00000000   -0.25431576  0.00000000   -0.18132604  0.00000000
  0.18132604  0.00000000   -0.18132604  0.00000000   -0.25431576  0.00000000
    5    4
 -0.25431576  0.00000000    0.18132604  0.00000000   -0.18132604  0.00000000
  0.18132604  0.00000000   -0.25431576  0.00000000    0.18132604  0.00000000
 -0.18132604  0.00000000    0.18132604  0.00000000   -0.25431576  0.00000000
    5    5
  1.01731391  0.00000000    0.00000000  0.00000000    0.00000000  0.00000000
  0.00000000  0.00000000    1.01731391  0.00000000    0.00000000  0.00000000
  0.00000000  0.00000000    0.00000000  0.00000000    1.01731391  0.00000000

     Dielectric Tensor:

          1.071109452941          0.000000000000          0.000000000000
          0.000000000000          1.071109452941          0.000000000000
          0.000000000000          0.000000000000          1.071109452941

     Effective Charges E-U: Z_{alpha}{s,beta}

     atom #    1
          0.023044034822         -0.057532882216         -0.057532882216
         -0.057532882216          0.023044034822         -0.057532882216
         -0.057532882216         -0.057532882216          0.023044034822
     atom #    2
          0.023044034822         -0.057532882216          0.057532882216
         -0.057532882216          0.023044034822          0.057532882216
          0.057532882216          0.057532882216          0.023044034822
     atom #    3
          0.023044034822          0.057532882216          0.057532882216
          0.057532882216          0.023044034822         -0.057532882216
          0.057532882216         -0.057532882216          0.023044034822
     atom #    4
          0.023044034822          0.057532882216         -0.057532882216
          0.057532882216          0.023044034822          0.057532882216
         -0.057532882216          0.057532882216          0.023044034822
     atom #    5
          0.064003437365          0.000000000000          0.000000000000
          0.000000000000          0.064003437365          0.000000000000
          0.000000000000          0.000000000000          0.064003437365

     Diagonalizing the dynamical matrix

     q = (    0.000000000   0.000000000   0.000000000 ) 

 **************************************************************************
     freq (    1) =      -1.437883 [THz] =     -47.962626 [cm-1]
 ( -0.353553  0.000000  0.353553  0.000000  0.000189  0.000000 ) 
 (  0.353553  0.000000 -0.353553  0.000000  0.000189  0.000000 ) 
 (  0.353553  0.000000  0.353553  0.000000  0.000189  0.000000 ) 
 ( -0.353553  0.000000 -0.353553  0.000000  0.000189  0.000000 ) 
 (  0.000000  0.000000 -0.000000  0.000000  0.000189  0.000000 ) 
     freq (    2) =      -1.437840 [THz] =     -47.961190 [cm-1]
 (  0.353553  0.000000  0.000083  0.000000 -0.353553  0.000000 ) 
 (  0.353553  0.000000  0.000083  0.000000  0.353553  0.000000 ) 
 ( -0.353553  0.000000  0.000083  0.000000 -0.353553  0.000000 ) 
 ( -0.353553  0.000000  0.000083  0.000000  0.353553  0.000000 ) 
 (  0.000000  0.000000  0.000083  0.000000  0.000000  0.000000 ) 
     freq (    3) =      -1.437590 [THz] =     -47.952830 [cm-1]
 (  0.000215  0.000000  0.353553  0.000000 -0.353553  0.000000 ) 
 (  0.000215  0.000000  0.353553  0.000000  0.353553  0.000000 ) 
 (  0.000215  0.000000 -0.353553  0.000000  0.353553  0.000000 ) 
 (  0.000215  0.000000 -0.353553  0.000000 -0.353553  0.000000 ) 
 (  0.000215  0.000000 -0.000000  0.000000 -0.000000  0.000000 ) 
     freq (    4) =      -0.000834 [THz] =      -0.027813 [cm-1]
 (  0.000217  0.000000 -0.447218  0.000000 -0.000201  0.000000 ) 
 (  0.000217  0.000000 -0.447218  0.000000  0.000201  0.000000 ) 
 ( -0.000218  0.000000 -0.447218  0.000000 -0.000201  0.000000 ) 
 ( -0.000218  0.000000 -0.447218  0.000000  0.000201  0.000000 ) 
 ( -0.000000  0.000000 -0.447196  0.000000  0.000000  0.000000 ) 
     freq (    5) =       0.000273 [THz] =       0.009103 [cm-1]
 (  0.000470  0.000000 -0.000488  0.000000  0.447218  0.000000 ) 
 ( -0.000470  0.000000  0.000488  0.000000  0.447218  0.000000 ) 
 ( -0.000470  0.000000 -0.000488  0.000000  0.447218  0.000000 ) 
 (  0.000470  0.000000  0.000488  0.000000  0.447218  0.000000 ) 
 (  0.000000  0.000000  0.000000  0.000000  0.447193  0.000000 ) 
     freq (    6) =       0.000723 [THz] =       0.024106 [cm-1]
 (  0.447218  0.000000 -0.000553  0.000000  0.000535  0.000000 ) 
 (  0.447218  0.000000 -0.000553  0.000000 -0.000536  0.000000 ) 
 (  0.447218  0.000000  0.000552  0.000000 -0.000536  0.000000 ) 
 (  0.447218  0.000000  0.000552  0.000000  0.000535  0.000000 ) 
 (  0.447194  0.000000 -0.000000  0.000000 -0.000000  0.000000 ) 
     freq (    7) =      36.776438 [THz] =    1226.729922 [cm-1]
 ( -0.231488  0.000000 -0.231488  0.000000  0.372782  0.000000 ) 
 (  0.231488  0.000000  0.231488  0.000000  0.372782  0.000000 ) 
 (  0.231488  0.000000 -0.231488  0.000000  0.372782  0.000000 ) 
 ( -0.231488  0.000000  0.231488  0.000000  0.372782  0.000000 ) 
 (  0.000000  0.000000  0.000000  0.000000 -0.124270  0.000000 ) 
     freq (    8) =      36.776461 [THz] =    1226.730698 [cm-1]
 ( -0.231487  0.000000  0.372782  0.000000 -0.231487  0.000000 ) 
 ( -0.231487  0.000000  0.372782  0.000000  0.231487  0.000000 ) 
 (  0.231487  0.000000  0.372782  0.000000 -0.231487  0.000000 ) 
 (  0.231487  0.000000  0.372782  0.000000  0.231487  0.000000 ) 
 ( -0.000000  0.000000 -0.124270  0.000000 -0.000000  0.000000 ) 
     freq (    9) =      36.776464 [THz] =    1226.730803 [cm-1]
 ( -0.372782  0.000000  0.231488  0.000000  0.231487  0.000000 ) 
 ( -0.372782  0.000000  0.231488  0.000000 -0.231487  0.000000 ) 
 ( -0.372782  0.000000 -0.231488  0.000000 -0.231487  0.000000 ) 
 ( -0.372782  0.000000 -0.231488  0.000000  0.231487  0.000000 ) 
 (  0.124270  0.000000 -0.000000  0.000000  0.000000  0.000000 ) 
     freq (   10) =      43.739948 [THz] =    1459.007609 [cm-1]
 ( -0.347716  0.000000  0.359115  0.000000 -0.011396  0.000000 ) 
 (  0.347716  0.000000 -0.359115  0.000000 -0.011396  0.000000 ) 
 ( -0.347716  0.000000 -0.359115  0.000000  0.011396  0.000000 ) 
 (  0.347716  0.000000  0.359115  0.000000  0.011396  0.000000 ) 
 (  0.000000  0.000000 -0.000000  0.000000  0.000000  0.000000 ) 
     freq (   11) =      43.739985 [THz] =    1459.008851 [cm-1]
 ( -0.213917  0.000000 -0.194177  0.000000  0.408087  0.000000 ) 
 (  0.213917  0.000000  0.194177  0.000000  0.408087  0.000000 ) 
 ( -0.213917  0.000000  0.194177  0.000000 -0.408087  0.000000 ) 
 (  0.213917  0.000000 -0.194177  0.000000 -0.408087  0.000000 ) 
 (  0.000000  0.000000 -0.000000  0.000000 -0.000000  0.000000 ) 
     freq (   12) =      89.298808 [THz] =    2978.687620 [cm-1]
 ( -0.288674  0.000000 -0.288673  0.000000 -0.288678  0.000000 ) 
 (  0.288674  0.000000  0.288673  0.000000 -0.288678  0.000000 ) 
 ( -0.288674  0.000000  0.288673  0.000000  0.288678  0.000000 ) 
 (  0.288674  0.000000 -0.288673  0.000000  0.288678  0.000000 ) 
 ( -0.000000  0.000000  0.000000  0.000000  0.000000  0.000000 ) 
     freq (   13) =      93.004905 [THz] =    3102.309704 [cm-1]
 (  0.294032  0.000000  0.273873  0.000000  0.294032  0.000000 ) 
 (  0.294032  0.000000  0.273873  0.000000 -0.294032  0.000000 ) 
 ( -0.294032  0.000000  0.273873  0.000000  0.294032  0.000000 ) 
 ( -0.294032  0.000000  0.273873  0.000000 -0.294032  0.000000 ) 
 ( -0.000000  0.000000 -0.091292  0.000000 -0.000000  0.000000 ) 
     freq (   14) =      93.004907 [THz] =    3102.309762 [cm-1]
 (  0.273873  0.000000  0.294032  0.000000  0.294032  0.000000 ) 
 (  0.273873  0.000000  0.294032  0.000000 -0.294032  0.000000 ) 
 (  0.273873  0.000000 -0.294032  0.000000 -0.294032  0.000000 ) 
 (  0.273873  0.000000 -0.294032  0.000000  0.294032  0.000000 ) 
 ( -0.091292  0.000000  0.000000  0.000000 -0.000000  0.000000 ) 
     freq (   15) =      93.004918 [THz] =    3102.310119 [cm-1]
 ( -0.294032  0.000000 -0.294032  0.000000 -0.273873  0.000000 ) 
 (  0.294032  0.000000  0.294032  0.000000 -0.273873  0.000000 ) 
 (  0.294032  0.000000 -0.294032  0.000000 -0.273873  0.000000 ) 
 ( -0.294032  0.000000  0.294032  0.000000 -0.273873  0.000000 ) 
 ( -0.000000  0.000000 -0.000000  0.000000  0.091292  0.000000 ) 
 **************************************************************************
