Dynamical matrix file
                                                                           
  2    2  2 10.5000000  0.0000000  0.0000000  0.0000000  0.0000000  0.0000000
           1  'Al  '    24590.7656527287     
           2  'As  '    68285.4026205499     
    1    1      0.0000000000      0.0000000000      0.0000000000
    2    2      0.2500000000      0.2500000000      0.2500000000

     Dynamical  Matrix in cartesian axes

     q = (   -0.250000000   0.250000000  -0.250000000 ) 

    1    1
  0.23202720 -0.00000000   -0.02546982  0.00000000    0.02546982 -0.00000000
 -0.02546982  0.00000000    0.23202720 -0.00000000   -0.02546982  0.00000000
  0.02546982 -0.00000000   -0.02546982  0.00000000    0.23202720 -0.00000000
    1    2
 -0.16509158 -0.05848541   -0.02946539  0.04600200    0.02946539 -0.04600200
 -0.02946539  0.04600200   -0.16509158 -0.05848541   -0.02946539  0.04600200
  0.02946539 -0.04600200   -0.02946539  0.04600200   -0.16509158 -0.05848541
    2    1
 -0.16509158  0.05848541   -0.02946539 -0.04600200    0.02946539  0.04600200
 -0.02946539 -0.04600200   -0.16509158  0.05848541   -0.02946539 -0.04600200
  0.02946539  0.04600200   -0.02946539 -0.04600200   -0.16509158  0.05848541
    2    2
  0.23114253  0.00000000   -0.02106156  0.00000000    0.02106156  0.00000000
 -0.02106156  0.00000000    0.23114253  0.00000000   -0.02106156  0.00000000
  0.02106156  0.00000000   -0.02106156  0.00000000    0.23114253  0.00000000

     Dynamical  Matrix in cartesian axes

     q = (    0.250000000  -0.250000000   0.250000000 ) 

    1    1
  0.23202720  0.00000000   -0.02546982 -0.00000000    0.02546982  0.00000000
 -0.02546982 -0.00000000    0.23202720  0.00000000   -0.02546982 -0.00000000
  0.02546982  0.00000000   -0.02546982 -0.00000000    0.23202720  0.00000000
    1    2
 -0.16509158  0.05848541   -0.02946539 -0.04600200    0.02946539  0.04600200
 -0.02946539 -0.04600200   -0.16509158  0.05848541   -0.02946539 -0.04600200
  0.02946539  0.04600200   -0.02946539 -0.04600200   -0.16509158  0.05848541
    2    1
 -0.16509158 -0.05848541   -0.02946539  0.04600200    0.02946539 -0.04600200
 -0.02946539  0.04600200   -0.16509158 -0.05848541   -0.02946539  0.04600200
  0.02946539 -0.04600200   -0.02946539  0.04600200   -0.16509158 -0.05848541
    2    2
  0.23114253  0.00000000   -0.02106156  0.00000000    0.02106156  0.00000000
 -0.02106156  0.00000000    0.23114253  0.00000000   -0.02106156  0.00000000
  0.02106156  0.00000000   -0.02106156  0.00000000    0.23114253  0.00000000

     Dynamical  Matrix in cartesian axes

     q = (    0.250000000  -0.250000000  -0.250000000 ) 

    1    1
  0.23202720 -0.00000000   -0.02546982  0.00000000   -0.02546982  0.00000000
 -0.02546982  0.00000000    0.23202720 -0.00000000    0.02546982 -0.00000000
 -0.02546982  0.00000000    0.02546982 -0.00000000    0.23202720 -0.00000000
    1    2
 -0.16509158 -0.05848541   -0.02946539  0.04600200   -0.02946539  0.04600200
 -0.02946539  0.04600200   -0.16509158 -0.05848541    0.02946539 -0.04600200
 -0.02946539  0.04600200    0.02946539 -0.04600200   -0.16509158 -0.05848541
    2    1
 -0.16509158  0.05848541   -0.02946539 -0.04600200   -0.02946539 -0.04600200
 -0.02946539 -0.04600200   -0.16509158  0.05848541    0.02946539  0.04600200
 -0.02946539 -0.04600200    0.02946539  0.04600200   -0.16509158  0.05848541
    2    2
  0.23114253  0.00000000   -0.02106156  0.00000000   -0.02106156  0.00000000
 -0.02106156  0.00000000    0.23114253  0.00000000    0.02106156  0.00000000
 -0.02106156  0.00000000    0.02106156  0.00000000    0.23114253  0.00000000

     Dynamical  Matrix in cartesian axes

     q = (   -0.250000000   0.250000000   0.250000000 ) 

    1    1
  0.23202720  0.00000000   -0.02546982 -0.00000000   -0.02546982 -0.00000000
 -0.02546982 -0.00000000    0.23202720  0.00000000    0.02546982  0.00000000
 -0.02546982 -0.00000000    0.02546982  0.00000000    0.23202720  0.00000000
    1    2
 -0.16509158  0.05848541   -0.02946539 -0.04600200   -0.02946539 -0.04600200
 -0.02946539 -0.04600200   -0.16509158  0.05848541    0.02946539  0.04600200
 -0.02946539 -0.04600200    0.02946539  0.04600200   -0.16509158  0.05848541
    2    1
 -0.16509158 -0.05848541   -0.02946539  0.04600200   -0.02946539  0.04600200
 -0.02946539  0.04600200   -0.16509158 -0.05848541    0.02946539 -0.04600200
 -0.02946539  0.04600200    0.02946539 -0.04600200   -0.16509158 -0.05848541
    2    2
  0.23114253  0.00000000   -0.02106156  0.00000000   -0.02106156  0.00000000
 -0.02106156  0.00000000    0.23114253  0.00000000    0.02106156  0.00000000
 -0.02106156  0.00000000    0.02106156  0.00000000    0.23114253  0.00000000

     Dynamical  Matrix in cartesian axes

     q = (   -0.250000000  -0.250000000   0.250000000 ) 

    1    1
  0.23202720 -0.00000000    0.02546982 -0.00000000   -0.02546982  0.00000000
  0.02546982 -0.00000000    0.23202720 -0.00000000   -0.02546982  0.00000000
 -0.02546982  0.00000000   -0.02546982  0.00000000    0.23202720 -0.00000000
    1    2
 -0.16509158 -0.05848541    0.02946539 -0.04600200   -0.02946539  0.04600200
  0.02946539 -0.04600200   -0.16509158 -0.05848541   -0.02946539  0.04600200
 -0.02946539  0.04600200   -0.02946539  0.04600200   -0.16509158 -0.05848541
    2    1
 -0.16509158  0.05848541    0.02946539  0.04600200   -0.02946539 -0.04600200
  0.02946539  0.04600200   -0.16509158  0.05848541   -0.02946539 -0.04600200
 -0.02946539 -0.04600200   -0.02946539 -0.04600200   -0.16509158  0.05848541
    2    2
  0.23114253  0.00000000    0.02106156  0.00000000   -0.02106156  0.00000000
  0.02106156  0.00000000    0.23114253  0.00000000   -0.02106156  0.00000000
 -0.02106156  0.00000000   -0.02106156  0.00000000    0.23114253  0.00000000

     Dynamical  Matrix in cartesian axes

     q = (    0.250000000   0.250000000  -0.250000000 ) 

    1    1
  0.23202720  0.00000000    0.02546982  0.00000000   -0.02546982 -0.00000000
  0.02546982  0.00000000    0.23202720  0.00000000   -0.02546982 -0.00000000
 -0.02546982 -0.00000000   -0.02546982 -0.00000000    0.23202720  0.00000000
    1    2
 -0.16509158  0.05848541    0.02946539  0.04600200   -0.02946539 -0.04600200
  0.02946539  0.04600200   -0.16509158  0.05848541   -0.02946539 -0.04600200
 -0.02946539 -0.04600200   -0.02946539 -0.04600200   -0.16509158  0.05848541
    2    1
 -0.16509158 -0.05848541    0.02946539 -0.04600200   -0.02946539  0.04600200
  0.02946539 -0.04600200   -0.16509158 -0.05848541   -0.02946539  0.04600200
 -0.02946539  0.04600200   -0.02946539  0.04600200   -0.16509158 -0.05848541
    2    2
  0.23114253  0.00000000    0.02106156  0.00000000   -0.02106156  0.00000000
  0.02106156  0.00000000    0.23114253  0.00000000   -0.02106156  0.00000000
 -0.02106156  0.00000000   -0.02106156  0.00000000    0.23114253  0.00000000

     Dynamical  Matrix in cartesian axes

     q = (    0.250000000   0.250000000   0.250000000 ) 

    1    1
  0.23202720 -0.00000000    0.02546982 -0.00000000    0.02546982 -0.00000000
  0.02546982 -0.00000000    0.23202720 -0.00000000    0.02546982 -0.00000000
  0.02546982 -0.00000000    0.02546982 -0.00000000    0.23202720 -0.00000000
    1    2
 -0.05848541  0.16509158   -0.04600200 -0.02946539   -0.04600200 -0.02946539
 -0.04600200 -0.02946539   -0.05848541  0.16509158   -0.04600200 -0.02946539
 -0.04600200 -0.02946539   -0.04600200 -0.02946539   -0.05848541  0.16509158
    2    1
 -0.05848541 -0.16509158   -0.04600200  0.02946539   -0.04600200  0.02946539
 -0.04600200  0.02946539   -0.05848541 -0.16509158   -0.04600200  0.02946539
 -0.04600200  0.02946539   -0.04600200  0.02946539   -0.05848541 -0.16509158
    2    2
  0.23114253  0.00000000    0.02106156  0.00000000    0.02106156  0.00000000
  0.02106156  0.00000000    0.23114253  0.00000000    0.02106156  0.00000000
  0.02106156  0.00000000    0.02106156  0.00000000    0.23114253  0.00000000

     Dynamical  Matrix in cartesian axes

     q = (   -0.250000000  -0.250000000  -0.250000000 ) 

    1    1
  0.23202720  0.00000000    0.02546982  0.00000000    0.02546982  0.00000000
  0.02546982  0.00000000    0.23202720  0.00000000    0.02546982  0.00000000
  0.02546982  0.00000000    0.02546982  0.00000000    0.23202720  0.00000000
    1    2
 -0.05848541 -0.16509158   -0.04600200  0.02946539   -0.04600200  0.02946539
 -0.04600200  0.02946539   -0.05848541 -0.16509158   -0.04600200  0.02946539
 -0.04600200  0.02946539   -0.04600200  0.02946539   -0.05848541 -0.16509158
    2    1
 -0.05848541  0.16509158   -0.04600200 -0.02946539   -0.04600200 -0.02946539
 -0.04600200 -0.02946539   -0.05848541  0.16509158   -0.04600200 -0.02946539
 -0.04600200 -0.02946539   -0.04600200 -0.02946539   -0.05848541  0.16509158
    2    2
  0.23114253  0.00000000    0.02106156  0.00000000    0.02106156  0.00000000
  0.02106156  0.00000000    0.23114253  0.00000000    0.02106156  0.00000000
  0.02106156  0.00000000    0.02106156  0.00000000    0.23114253  0.00000000

     Diagonalizing the dynamical matrix

     q = (   -0.250000000   0.250000000  -0.250000000 ) 

 **************************************************************************
     freq (    1) =       1.761287 [THz] =      58.750219 [cm-1]
 ( -0.281975 -0.427148 -0.205842 -0.422263  0.076133  0.004885 ) 
 ( -0.315956 -0.417747 -0.237885 -0.417747  0.078071  0.000000 ) 
     freq (    2) =       1.761287 [THz] =      58.750219 [cm-1]
 (  0.249280 -0.039187 -0.315087 -0.075399 -0.564367 -0.036212 ) 
 (  0.252009 -0.056354 -0.326723 -0.056354 -0.578732  0.000000 ) 
     freq (    3) =       4.534092 [THz] =     151.241026 [cm-1]
 ( -0.204608 -0.290045  0.204608  0.290045 -0.204608 -0.290045 ) 
 ( -0.455349 -0.000000  0.455349  0.000000 -0.455349  0.000000 ) 
     freq (    4) =      11.004846 [THz] =     367.082157 [cm-1]
 (  0.604974  0.030362 -0.108345 -0.015407 -0.713319 -0.045769 ) 
 ( -0.213138  0.002969  0.038396  0.002969  0.251534  0.000000 ) 
     freq (    5) =      11.004846 [THz] =     367.082157 [cm-1]
 (  0.475607  0.009447  0.761878  0.027815  0.286271  0.018368 ) 
 ( -0.167236  0.007399 -0.268182  0.007399 -0.100946  0.000000 ) 
     freq (    6) =      12.136526 [THz] =     404.830923 [cm-1]
 ( -0.320422 -0.454218  0.320422  0.454218 -0.320422 -0.454218 ) 
 (  0.156040  0.000000 -0.156040 -0.000000  0.156040  0.000000 ) 
 **************************************************************************
