Dynamical matrix file
                                                                           
  2    2  2 10.5000000  0.0000000  0.0000000  0.0000000  0.0000000  0.0000000
           1  'Al  '    24590.7656527287     
           2  'As  '    68285.4026205499     
    1    1      0.0000000000      0.0000000000      0.0000000000
    2    2      0.2500000000      0.2500000000      0.2500000000

     Dynamical  Matrix in cartesian axes

     q = (    0.500000000   0.000000000   0.500000000 ) 

    1    1
  0.21971316  0.00000000    0.00000000 -0.01749088    0.01845647  0.00000000
  0.00000000  0.01749088    0.23138378  0.00000000    0.00000000  0.01749088
  0.01845647  0.00000000    0.00000000 -0.01749088    0.21971316  0.00000000
    1    2
  0.00000000  0.10685025   -0.07534817  0.00000000    0.00000000 -0.07064323
 -0.09213983  0.00000000   -0.00000000  0.10841556   -0.09213983  0.00000000
  0.00000000 -0.07064323   -0.07534817  0.00000000   -0.00000000  0.10685025
    2    1
  0.00000000 -0.10685025   -0.09213983  0.00000000    0.00000000  0.07064323
 -0.07534817  0.00000000   -0.00000000 -0.10841556   -0.07534817  0.00000000
  0.00000000  0.07064323   -0.09213983  0.00000000   -0.00000000 -0.10685025
    2    2
  0.23486988  0.00000000    0.00000000 -0.01304907    0.02638844  0.00000000
 -0.00000000  0.01304907    0.24371604  0.00000000   -0.00000000  0.01304907
  0.02638844  0.00000000    0.00000000 -0.01304907    0.23486988  0.00000000

     Dynamical  Matrix in cartesian axes

     q = (   -0.500000000   0.000000000  -0.500000000 ) 

    1    1
  0.21971316  0.00000000    0.00000000  0.01749088    0.01845647  0.00000000
  0.00000000 -0.01749088    0.23138378  0.00000000    0.00000000 -0.01749088
  0.01845647  0.00000000    0.00000000  0.01749088    0.21971316  0.00000000
    1    2
 -0.00000000 -0.10685025   -0.07534817  0.00000000    0.00000000  0.07064323
 -0.09213983  0.00000000   -0.00000000 -0.10841556   -0.09213983  0.00000000
 -0.00000000  0.07064323   -0.07534817  0.00000000   -0.00000000 -0.10685025
    2    1
 -0.00000000  0.10685025   -0.09213983 -0.00000000    0.00000000 -0.07064323
 -0.07534817 -0.00000000   -0.00000000  0.10841556   -0.07534817 -0.00000000
 -0.00000000 -0.07064323   -0.09213983 -0.00000000   -0.00000000  0.10685025
    2    2
  0.23486988  0.00000000    0.00000000  0.01304907    0.02638844  0.00000000
 -0.00000000 -0.01304907    0.24371604  0.00000000   -0.00000000 -0.01304907
  0.02638844  0.00000000    0.00000000  0.01304907    0.23486988  0.00000000

     Dynamical  Matrix in cartesian axes

     q = (    0.500000000  -0.500000000   0.000000000 ) 

    1    1
  0.21971316  0.00000000   -0.01845647  0.00000000    0.00000000  0.01749088
 -0.01845647  0.00000000    0.21971316  0.00000000    0.00000000 -0.01749088
  0.00000000 -0.01749088    0.00000000  0.01749088    0.23138378  0.00000000
    1    2
 -0.10685025  0.00000000   -0.07064323 -0.00000000    0.00000000  0.07534817
 -0.07064323 -0.00000000   -0.10685025  0.00000000   -0.00000000 -0.07534817
  0.00000000  0.09213983    0.00000000 -0.09213983   -0.10841556 -0.00000000
    2    1
 -0.10685025 -0.00000000   -0.07064323  0.00000000   -0.00000000 -0.09213983
 -0.07064323  0.00000000   -0.10685025 -0.00000000   -0.00000000  0.09213983
 -0.00000000 -0.07534817    0.00000000  0.07534817   -0.10841556  0.00000000
    2    2
  0.23486988  0.00000000   -0.02638844  0.00000000    0.00000000  0.01304907
 -0.02638844  0.00000000    0.23486988  0.00000000    0.00000000 -0.01304907
  0.00000000 -0.01304907    0.00000000  0.01304907    0.24371604  0.00000000

     Dynamical  Matrix in cartesian axes

     q = (   -0.500000000   0.000000000   0.500000000 ) 

    1    1
  0.21971316  0.00000000    0.00000000 -0.01749088   -0.01845647  0.00000000
  0.00000000  0.01749088    0.23138378  0.00000000    0.00000000 -0.01749088
 -0.01845647  0.00000000    0.00000000  0.01749088    0.21971316  0.00000000
    1    2
 -0.10685025  0.00000000   -0.00000000 -0.07534817   -0.07064323 -0.00000000
  0.00000000 -0.09213983   -0.10841556  0.00000000    0.00000000  0.09213983
 -0.07064323 -0.00000000    0.00000000  0.07534817   -0.10685025  0.00000000
    2    1
 -0.10685025 -0.00000000    0.00000000  0.09213983   -0.07064323  0.00000000
  0.00000000  0.07534817   -0.10841556  0.00000000   -0.00000000 -0.07534817
 -0.07064323  0.00000000   -0.00000000 -0.09213983   -0.10685025 -0.00000000
    2    2
  0.23486988  0.00000000    0.00000000 -0.01304907   -0.02638844  0.00000000
  0.00000000  0.01304907    0.24371604  0.00000000    0.00000000 -0.01304907
 -0.02638844  0.00000000    0.00000000  0.01304907    0.23486988  0.00000000

     Dynamical  Matrix in cartesian axes

     q = (    0.500000000   0.000000000  -0.500000000 ) 

    1    1
  0.21971316  0.00000000    0.00000000  0.01749088   -0.01845647  0.00000000
  0.00000000 -0.01749088    0.23138378  0.00000000    0.00000000  0.01749088
 -0.01845647  0.00000000    0.00000000 -0.01749088    0.21971316  0.00000000
    1    2
 -0.10685025  0.00000000    0.00000000  0.07534817   -0.07064323 -0.00000000
  0.00000000  0.09213983   -0.10841556  0.00000000    0.00000000 -0.09213983
 -0.07064323  0.00000000   -0.00000000 -0.07534817   -0.10685025  0.00000000
    2    1
 -0.10685025 -0.00000000    0.00000000 -0.09213983   -0.07064323  0.00000000
 -0.00000000 -0.07534817   -0.10841556  0.00000000    0.00000000  0.07534817
 -0.07064323  0.00000000   -0.00000000  0.09213983   -0.10685025 -0.00000000
    2    2
  0.23486988  0.00000000    0.00000000  0.01304907   -0.02638844  0.00000000
  0.00000000 -0.01304907    0.24371604  0.00000000    0.00000000  0.01304907
 -0.02638844  0.00000000    0.00000000 -0.01304907    0.23486988  0.00000000

     Dynamical  Matrix in cartesian axes

     q = (    0.500000000   0.500000000   0.000000000 ) 

    1    1
  0.21971316  0.00000000    0.01845647  0.00000000    0.00000000 -0.01749088
  0.01845647  0.00000000    0.21971316  0.00000000    0.00000000 -0.01749088
  0.00000000  0.01749088    0.00000000  0.01749088    0.23138378  0.00000000
    1    2
 -0.00000000  0.10685025    0.00000000 -0.07064323   -0.07534817  0.00000000
  0.00000000 -0.07064323   -0.00000000  0.10685025   -0.07534817  0.00000000
 -0.09213983  0.00000000   -0.09213983  0.00000000    0.00000000  0.10841556
    2    1
 -0.00000000 -0.10685025    0.00000000  0.07064323   -0.09213983  0.00000000
  0.00000000  0.07064323   -0.00000000 -0.10685025   -0.09213983  0.00000000
 -0.07534817  0.00000000   -0.07534817  0.00000000    0.00000000 -0.10841556
    2    2
  0.23486988  0.00000000    0.02638844  0.00000000   -0.00000000 -0.01304907
  0.02638844  0.00000000    0.23486988  0.00000000    0.00000000 -0.01304907
 -0.00000000  0.01304907   -0.00000000  0.01304907    0.24371604  0.00000000

     Dynamical  Matrix in cartesian axes

     q = (   -0.500000000  -0.500000000   0.000000000 ) 

    1    1
  0.21971316  0.00000000    0.01845647  0.00000000    0.00000000  0.01749088
  0.01845647  0.00000000    0.21971316  0.00000000    0.00000000  0.01749088
  0.00000000 -0.01749088    0.00000000 -0.01749088    0.23138378  0.00000000
    1    2
 -0.00000000 -0.10685025    0.00000000  0.07064323   -0.07534817  0.00000000
 -0.00000000  0.07064323   -0.00000000 -0.10685025   -0.07534817  0.00000000
 -0.09213983  0.00000000   -0.09213983  0.00000000   -0.00000000 -0.10841556
    2    1
 -0.00000000  0.10685025    0.00000000 -0.07064323   -0.09213983 -0.00000000
 -0.00000000 -0.07064323   -0.00000000  0.10685025   -0.09213983  0.00000000
 -0.07534817 -0.00000000   -0.07534817 -0.00000000   -0.00000000  0.10841556
    2    2
  0.23486988  0.00000000    0.02638844  0.00000000   -0.00000000  0.01304907
  0.02638844  0.00000000    0.23486988  0.00000000    0.00000000  0.01304907
 -0.00000000 -0.01304907   -0.00000000 -0.01304907    0.24371604  0.00000000

     Dynamical  Matrix in cartesian axes

     q = (   -0.500000000   0.500000000   0.000000000 ) 

    1    1
  0.21971316  0.00000000   -0.01845647  0.00000000    0.00000000 -0.01749088
 -0.01845647  0.00000000    0.21971316  0.00000000    0.00000000  0.01749088
  0.00000000  0.01749088    0.00000000 -0.01749088    0.23138378  0.00000000
    1    2
 -0.10685025  0.00000000   -0.07064323 -0.00000000   -0.00000000 -0.07534817
 -0.07064323 -0.00000000   -0.10685025  0.00000000    0.00000000  0.07534817
  0.00000000 -0.09213983    0.00000000  0.09213983   -0.10841556  0.00000000
    2    1
 -0.10685025 -0.00000000   -0.07064323  0.00000000    0.00000000  0.09213983
 -0.07064323  0.00000000   -0.10685025 -0.00000000    0.00000000 -0.09213983
  0.00000000  0.07534817    0.00000000 -0.07534817   -0.10841556  0.00000000
    2    2
  0.23486988  0.00000000   -0.02638844  0.00000000    0.00000000 -0.01304907
 -0.02638844  0.00000000    0.23486988  0.00000000    0.00000000  0.01304907
  0.00000000  0.01304907    0.00000000 -0.01304907    0.24371604  0.00000000

     Dynamical  Matrix in cartesian axes

     q = (    0.000000000   0.500000000   0.500000000 ) 

    1    1
  0.23138378  0.00000000    0.00000000  0.01749088    0.00000000  0.01749088
  0.00000000 -0.01749088    0.21971316  0.00000000    0.01845647  0.00000000
  0.00000000 -0.01749088    0.01845647  0.00000000    0.21971316  0.00000000
    1    2
 -0.00000000  0.10841556   -0.09213983 -0.00000000   -0.09213983  0.00000000
 -0.07534817  0.00000000    0.00000000  0.10685025    0.00000000 -0.07064323
 -0.07534817  0.00000000    0.00000000 -0.07064323   -0.00000000  0.10685025
    2    1
 -0.00000000 -0.10841556   -0.07534817  0.00000000   -0.07534817  0.00000000
 -0.09213983  0.00000000    0.00000000 -0.10685025    0.00000000  0.07064323
 -0.09213983  0.00000000    0.00000000  0.07064323    0.00000000 -0.10685025
    2    2
  0.24371604  0.00000000    0.00000000  0.01304907   -0.00000000  0.01304907
  0.00000000 -0.01304907    0.23486988  0.00000000    0.02638844  0.00000000
  0.00000000 -0.01304907    0.02638844  0.00000000    0.23486988  0.00000000

     Dynamical  Matrix in cartesian axes

     q = (    0.000000000   0.500000000  -0.500000000 ) 

    1    1
  0.23138378  0.00000000    0.00000000 -0.01749088    0.00000000  0.01749088
  0.00000000  0.01749088    0.21971316  0.00000000   -0.01845647  0.00000000
  0.00000000 -0.01749088   -0.01845647  0.00000000    0.21971316  0.00000000
    1    2
 -0.10841556  0.00000000   -0.00000000  0.09213983    0.00000000 -0.09213983
  0.00000000  0.07534817   -0.10685025  0.00000000   -0.07064323  0.00000000
 -0.00000000 -0.07534817   -0.07064323  0.00000000   -0.10685025  0.00000000
    2    1
 -0.10841556  0.00000000   -0.00000000 -0.07534817    0.00000000  0.07534817
 -0.00000000 -0.09213983   -0.10685025  0.00000000   -0.07064323  0.00000000
  0.00000000  0.09213983   -0.07064323  0.00000000   -0.10685025  0.00000000
    2    2
  0.24371604  0.00000000    0.00000000 -0.01304907    0.00000000  0.01304907
  0.00000000  0.01304907    0.23486988  0.00000000   -0.02638844  0.00000000
 -0.00000000 -0.01304907   -0.02638844  0.00000000    0.23486988  0.00000000

     Dynamical  Matrix in cartesian axes

     q = (    0.000000000  -0.500000000  -0.500000000 ) 

    1    1
  0.23138378  0.00000000    0.00000000 -0.01749088    0.00000000 -0.01749088
  0.00000000  0.01749088    0.21971316  0.00000000    0.01845647  0.00000000
  0.00000000  0.01749088    0.01845647  0.00000000    0.21971316  0.00000000
    1    2
 -0.00000000 -0.10841556   -0.09213983  0.00000000   -0.09213983  0.00000000
 -0.07534817  0.00000000   -0.00000000 -0.10685025    0.00000000  0.07064323
 -0.07534817  0.00000000    0.00000000  0.07064323   -0.00000000 -0.10685025
    2    1
 -0.00000000  0.10841556   -0.07534817 -0.00000000   -0.07534817  0.00000000
 -0.09213983 -0.00000000   -0.00000000  0.10685025    0.00000000 -0.07064323
 -0.09213983  0.00000000    0.00000000 -0.07064323   -0.00000000  0.10685025
    2    2
  0.24371604  0.00000000    0.00000000 -0.01304907   -0.00000000 -0.01304907
  0.00000000  0.01304907    0.23486988  0.00000000    0.02638844  0.00000000
  0.00000000  0.01304907    0.02638844  0.00000000    0.23486988  0.00000000

     Dynamical  Matrix in cartesian axes

     q = (    0.000000000  -0.500000000   0.500000000 ) 

    1    1
  0.23138378  0.00000000    0.00000000  0.01749088    0.00000000 -0.01749088
  0.00000000 -0.01749088    0.21971316  0.00000000   -0.01845647  0.00000000
  0.00000000  0.01749088   -0.01845647  0.00000000    0.21971316  0.00000000
    1    2
 -0.10841556  0.00000000    0.00000000 -0.09213983    0.00000000  0.09213983
  0.00000000 -0.07534817   -0.10685025  0.00000000   -0.07064323  0.00000000
  0.00000000  0.07534817   -0.07064323  0.00000000   -0.10685025  0.00000000
    2    1
 -0.10841556  0.00000000    0.00000000  0.07534817   -0.00000000 -0.07534817
  0.00000000  0.09213983   -0.10685025  0.00000000   -0.07064323  0.00000000
 -0.00000000 -0.09213983   -0.07064323  0.00000000   -0.10685025  0.00000000
    2    2
  0.24371604  0.00000000    0.00000000  0.01304907    0.00000000 -0.01304907
  0.00000000 -0.01304907    0.23486988  0.00000000   -0.02638844  0.00000000
 -0.00000000  0.01304907   -0.02638844  0.00000000    0.23486988  0.00000000

     Diagonalizing the dynamical matrix

     q = (    0.500000000   0.000000000   0.500000000 ) 

 **************************************************************************
     freq (    1) =       2.515009 [THz] =      83.891683 [cm-1]
 ( -0.000000  0.486951  0.000000  0.000000 -0.000000 -0.486951 ) 
 ( -0.512717  0.000000 -0.000000  0.000000  0.512717  0.000000 ) 
     freq (    2) =       3.824670 [THz] =     127.577267 [cm-1]
 (  0.000000 -0.246420 -0.605113 -0.000000  0.000000 -0.246420 ) 
 ( -0.227807  0.000000  0.000000 -0.639219 -0.227807  0.000000 ) 
     freq (    3) =       5.427048 [THz] =     181.026836 [cm-1]
 (  0.000000 -0.269012  0.285120 -0.000000  0.000000 -0.269012 ) 
 (  0.548974  0.000000  0.000000 -0.413797  0.548974  0.000000 ) 
     freq (    4) =      10.718212 [THz] =     357.521057 [cm-1]
 ( -0.000000  0.653170  0.274241  0.000000 -0.000000  0.653170 ) 
 ( -0.011009 -0.000000  0.000000 -0.266997 -0.011009  0.000000 ) 
     freq (    5) =      10.737644 [THz] =     358.169258 [cm-1]
 ( -0.000000 -0.669056  0.000000  0.000000 -0.000000  0.669056 ) 
 ( -0.228831 -0.000000  0.000000 -0.000000  0.228831  0.000000 ) 
     freq (    6) =      11.302179 [THz] =     377.000119 [cm-1]
 (  0.000000  0.258176 -0.892248 -0.000000  0.000000  0.258176 ) 
 (  0.170751  0.000000 -0.000000  0.110781  0.170751  0.000000 ) 
 **************************************************************************
