Dynamical matrix file
                                                                           
  2    2  2 10.5000000  0.0000000  0.0000000  0.0000000  0.0000000  0.0000000
           1  'Al  '    24590.7656527287     
           2  'As  '    68285.4026205499     
    1    1      0.0000000000      0.0000000000      0.0000000000
    2    2      0.2500000000      0.2500000000      0.2500000000

     Dynamical  Matrix in cartesian axes

     q = (   -0.250000000   0.250000000  -0.250000000 ) 

    1    1
  0.23202736  0.00000000   -0.02546992  0.00000000    0.02546992  0.00000000
 -0.02546992  0.00000000    0.23202736  0.00000000   -0.02546992  0.00000000
  0.02546992  0.00000000   -0.02546992  0.00000000    0.23202736  0.00000000
    1    2
 -0.16509123 -0.05848509   -0.02946569  0.04600168    0.02946569 -0.04600168
 -0.02946569  0.04600168   -0.16509123 -0.05848509   -0.02946569  0.04600168
  0.02946569 -0.04600168   -0.02946569  0.04600168   -0.16509123 -0.05848509
    2    1
 -0.16509123  0.05848509   -0.02946569 -0.04600168    0.02946569  0.04600168
 -0.02946569 -0.04600168   -0.16509123  0.05848509   -0.02946569 -0.04600168
  0.02946569  0.04600168   -0.02946569 -0.04600168   -0.16509123  0.05848509
    2    2
  0.23114358  0.00000000   -0.02106252  0.00000000    0.02106252  0.00000000
 -0.02106252  0.00000000    0.23114358  0.00000000   -0.02106252  0.00000000
  0.02106252  0.00000000   -0.02106252  0.00000000    0.23114358  0.00000000

     Dynamical  Matrix in cartesian axes

     q = (    0.250000000  -0.250000000   0.250000000 ) 

    1    1
  0.23202736  0.00000000   -0.02546992  0.00000000    0.02546992  0.00000000
 -0.02546992  0.00000000    0.23202736  0.00000000   -0.02546992  0.00000000
  0.02546992  0.00000000   -0.02546992  0.00000000    0.23202736  0.00000000
    1    2
 -0.16509123  0.05848509   -0.02946569 -0.04600168    0.02946569  0.04600168
 -0.02946569 -0.04600168   -0.16509123  0.05848509   -0.02946569 -0.04600168
  0.02946569  0.04600168   -0.02946569 -0.04600168   -0.16509123  0.05848509
    2    1
 -0.16509123 -0.05848509   -0.02946569  0.04600168    0.02946569 -0.04600168
 -0.02946569  0.04600168   -0.16509123 -0.05848509   -0.02946569  0.04600168
  0.02946569 -0.04600168   -0.02946569  0.04600168   -0.16509123 -0.05848509
    2    2
  0.23114358  0.00000000   -0.02106252  0.00000000    0.02106252  0.00000000
 -0.02106252  0.00000000    0.23114358  0.00000000   -0.02106252  0.00000000
  0.02106252  0.00000000   -0.02106252  0.00000000    0.23114358  0.00000000

     Dynamical  Matrix in cartesian axes

     q = (    0.250000000  -0.250000000  -0.250000000 ) 

    1    1
  0.23202736  0.00000000   -0.02546992  0.00000000   -0.02546992  0.00000000
 -0.02546992  0.00000000    0.23202736  0.00000000    0.02546992  0.00000000
 -0.02546992  0.00000000    0.02546992  0.00000000    0.23202736  0.00000000
    1    2
 -0.16509123 -0.05848509   -0.02946569  0.04600168   -0.02946569  0.04600168
 -0.02946569  0.04600168   -0.16509123 -0.05848509    0.02946569 -0.04600168
 -0.02946569  0.04600168    0.02946569 -0.04600168   -0.16509123 -0.05848509
    2    1
 -0.16509123  0.05848509   -0.02946569 -0.04600168   -0.02946569 -0.04600168
 -0.02946569 -0.04600168   -0.16509123  0.05848509    0.02946569  0.04600168
 -0.02946569 -0.04600168    0.02946569  0.04600168   -0.16509123  0.05848509
    2    2
  0.23114358  0.00000000   -0.02106252  0.00000000   -0.02106252  0.00000000
 -0.02106252  0.00000000    0.23114358  0.00000000    0.02106252  0.00000000
 -0.02106252  0.00000000    0.02106252  0.00000000    0.23114358  0.00000000

     Dynamical  Matrix in cartesian axes

     q = (   -0.250000000   0.250000000   0.250000000 ) 

    1    1
  0.23202736  0.00000000   -0.02546992  0.00000000   -0.02546992  0.00000000
 -0.02546992  0.00000000    0.23202736  0.00000000    0.02546992  0.00000000
 -0.02546992  0.00000000    0.02546992  0.00000000    0.23202736  0.00000000
    1    2
 -0.16509123  0.05848509   -0.02946569 -0.04600168   -0.02946569 -0.04600168
 -0.02946569 -0.04600168   -0.16509123  0.05848509    0.02946569  0.04600168
 -0.02946569 -0.04600168    0.02946569  0.04600168   -0.16509123  0.05848509
    2    1
 -0.16509123 -0.05848509   -0.02946569  0.04600168   -0.02946569  0.04600168
 -0.02946569  0.04600168   -0.16509123 -0.05848509    0.02946569 -0.04600168
 -0.02946569  0.04600168    0.02946569 -0.04600168   -0.16509123 -0.05848509
    2    2
  0.23114358  0.00000000   -0.02106252  0.00000000   -0.02106252  0.00000000
 -0.02106252  0.00000000    0.23114358  0.00000000    0.02106252  0.00000000
 -0.02106252  0.00000000    0.02106252  0.00000000    0.23114358  0.00000000

     Dynamical  Matrix in cartesian axes

     q = (   -0.250000000  -0.250000000   0.250000000 ) 

    1    1
  0.23202736  0.00000000    0.02546992  0.00000000   -0.02546992  0.00000000
  0.02546992  0.00000000    0.23202736  0.00000000   -0.02546992  0.00000000
 -0.02546992  0.00000000   -0.02546992  0.00000000    0.23202736  0.00000000
    1    2
 -0.16509123 -0.05848509    0.02946569 -0.04600168   -0.02946569  0.04600168
  0.02946569 -0.04600168   -0.16509123 -0.05848509   -0.02946569  0.04600168
 -0.02946569  0.04600168   -0.02946569  0.04600168   -0.16509123 -0.05848509
    2    1
 -0.16509123  0.05848509    0.02946569  0.04600168   -0.02946569 -0.04600168
  0.02946569  0.04600168   -0.16509123  0.05848509   -0.02946569 -0.04600168
 -0.02946569 -0.04600168   -0.02946569 -0.04600168   -0.16509123  0.05848509
    2    2
  0.23114358  0.00000000    0.02106252  0.00000000   -0.02106252  0.00000000
  0.02106252  0.00000000    0.23114358  0.00000000   -0.02106252  0.00000000
 -0.02106252  0.00000000   -0.02106252  0.00000000    0.23114358  0.00000000

     Dynamical  Matrix in cartesian axes

     q = (    0.250000000   0.250000000  -0.250000000 ) 

    1    1
  0.23202736  0.00000000    0.02546992  0.00000000   -0.02546992  0.00000000
  0.02546992  0.00000000    0.23202736  0.00000000   -0.02546992  0.00000000
 -0.02546992  0.00000000   -0.02546992  0.00000000    0.23202736  0.00000000
    1    2
 -0.16509123  0.05848509    0.02946569  0.04600168   -0.02946569 -0.04600168
  0.02946569  0.04600168   -0.16509123  0.05848509   -0.02946569 -0.04600168
 -0.02946569 -0.04600168   -0.02946569 -0.04600168   -0.16509123  0.05848509
    2    1
 -0.16509123 -0.05848509    0.02946569 -0.04600168   -0.02946569  0.04600168
  0.02946569 -0.04600168   -0.16509123 -0.05848509   -0.02946569  0.04600168
 -0.02946569  0.04600168   -0.02946569  0.04600168   -0.16509123 -0.05848509
    2    2
  0.23114358  0.00000000    0.02106252  0.00000000   -0.02106252  0.00000000
  0.02106252  0.00000000    0.23114358  0.00000000   -0.02106252  0.00000000
 -0.02106252  0.00000000   -0.02106252  0.00000000    0.23114358  0.00000000

     Dynamical  Matrix in cartesian axes

     q = (    0.250000000   0.250000000   0.250000000 ) 

    1    1
  0.23202736  0.00000000    0.02546992  0.00000000    0.02546992  0.00000000
  0.02546992  0.00000000    0.23202736  0.00000000    0.02546992  0.00000000
  0.02546992  0.00000000    0.02546992  0.00000000    0.23202736  0.00000000
    1    2
 -0.05848509  0.16509123   -0.04600168 -0.02946569   -0.04600168 -0.02946569
 -0.04600168 -0.02946569   -0.05848509  0.16509123   -0.04600168 -0.02946569
 -0.04600168 -0.02946569   -0.04600168 -0.02946569   -0.05848509  0.16509123
    2    1
 -0.05848509 -0.16509123   -0.04600168  0.02946569   -0.04600168  0.02946569
 -0.04600168  0.02946569   -0.05848509 -0.16509123   -0.04600168  0.02946569
 -0.04600168  0.02946569   -0.04600168  0.02946569   -0.05848509 -0.16509123
    2    2
  0.23114358  0.00000000    0.02106252  0.00000000    0.02106252  0.00000000
  0.02106252  0.00000000    0.23114358  0.00000000    0.02106252  0.00000000
  0.02106252  0.00000000    0.02106252  0.00000000    0.23114358  0.00000000

     Dynamical  Matrix in cartesian axes

     q = (   -0.250000000  -0.250000000  -0.250000000 ) 

    1    1
  0.23202736  0.00000000    0.02546992  0.00000000    0.02546992  0.00000000
  0.02546992  0.00000000    0.23202736  0.00000000    0.02546992  0.00000000
  0.02546992  0.00000000    0.02546992  0.00000000    0.23202736  0.00000000
    1    2
 -0.05848509 -0.16509123   -0.04600168  0.02946569   -0.04600168  0.02946569
 -0.04600168  0.02946569   -0.05848509 -0.16509123   -0.04600168  0.02946569
 -0.04600168  0.02946569   -0.04600168  0.02946569   -0.05848509 -0.16509123
    2    1
 -0.05848509  0.16509123   -0.04600168 -0.02946569   -0.04600168 -0.02946569
 -0.04600168 -0.02946569   -0.05848509  0.16509123   -0.04600168 -0.02946569
 -0.04600168 -0.02946569   -0.04600168 -0.02946569   -0.05848509  0.16509123
    2    2
  0.23114358  0.00000000    0.02106252  0.00000000    0.02106252  0.00000000
  0.02106252  0.00000000    0.23114358  0.00000000    0.02106252  0.00000000
  0.02106252  0.00000000    0.02106252  0.00000000    0.23114358  0.00000000

     Diagonalizing the dynamical matrix

     q = (   -0.250000000   0.250000000  -0.250000000 ) 

 **************************************************************************
     freq (    1) =       1.761295 [THz] =      58.750469 [cm-1]
 ( -0.284739 -0.018270  0.284739  0.018270  0.569479  0.036540 ) 
 ( -0.291987 -0.000000  0.291987  0.000000  0.583974  0.000000 ) 
     freq (    2) =       1.761295 [THz] =      58.750469 [cm-1]
 ( -0.423443  0.254808 -0.423443  0.254808  0.000000  0.000000 ) 
 ( -0.415744  0.287969 -0.415744  0.287969  0.000000  0.000000 ) 
     freq (    3) =       4.534167 [THz] =     151.243542 [cm-1]
 ( -0.204608 -0.290044  0.204608  0.290044 -0.204608 -0.290044 ) 
 ( -0.455350 -0.000000  0.455350  0.000000 -0.455350  0.000000 ) 
     freq (    4) =      11.004847 [THz] =     367.082178 [cm-1]
 (  0.176619  0.643204  0.176619  0.643204  0.000000 -0.000000 ) 
 ( -0.076518 -0.221900 -0.076518 -0.221900  0.000000  0.000000 ) 
     freq (    5) =      11.004847 [THz] =     367.082178 [cm-1]
 (  0.384309  0.024659 -0.384309 -0.024659 -0.768619 -0.049317 ) 
 ( -0.135517  0.000000  0.135517  0.000000  0.271034  0.000000 ) 
     freq (    6) =      12.136524 [THz] =     404.830850 [cm-1]
 ( -0.320422 -0.454219  0.320422  0.454219 -0.320422 -0.454219 ) 
 (  0.156040 -0.000000 -0.156040 -0.000000  0.156040  0.000000 ) 
 **************************************************************************
