Dynamical matrix file
                                                                           
  2    2  2 10.5000000  0.0000000  0.0000000  0.0000000  0.0000000  0.0000000
           1  'Al  '    24590.7656527287     
           2  'As  '    68285.4026205499     
    1    1      0.0000000000      0.0000000000      0.0000000000
    2    2      0.2500000000      0.2500000000      0.2500000000

     Dynamical  Matrix in cartesian axes

     q = (   -0.250000000   0.250000000  -0.250000000 ) 

    1    1
  0.23202817  0.00000000   -0.02547014 -0.00000000    0.02547014  0.00000000
 -0.02547014 -0.00000000    0.23202817  0.00000000   -0.02547014 -0.00000000
  0.02547014  0.00000000   -0.02547014 -0.00000000    0.23202817  0.00000000
    1    2
 -0.16509066 -0.05848472   -0.02946605  0.04600127    0.02946605 -0.04600127
 -0.02946605  0.04600127   -0.16509066 -0.05848472   -0.02946605  0.04600127
  0.02946605 -0.04600127   -0.02946605  0.04600127   -0.16509066 -0.05848472
    2    1
 -0.16509066  0.05848472   -0.02946605 -0.04600127    0.02946605  0.04600127
 -0.02946605 -0.04600127   -0.16509066  0.05848472   -0.02946605 -0.04600127
  0.02946605  0.04600127   -0.02946605 -0.04600127   -0.16509066  0.05848472
    2    2
  0.23114205 -0.00000000   -0.02106377  0.00000000    0.02106377 -0.00000000
 -0.02106377  0.00000000    0.23114205 -0.00000000   -0.02106377  0.00000000
  0.02106377 -0.00000000   -0.02106377  0.00000000    0.23114205 -0.00000000

     Dynamical  Matrix in cartesian axes

     q = (    0.250000000  -0.250000000   0.250000000 ) 

    1    1
  0.23202817 -0.00000000   -0.02547014  0.00000000    0.02547014 -0.00000000
 -0.02547014  0.00000000    0.23202817 -0.00000000   -0.02547014  0.00000000
  0.02547014 -0.00000000   -0.02547014  0.00000000    0.23202817 -0.00000000
    1    2
 -0.16509066  0.05848472   -0.02946605 -0.04600127    0.02946605  0.04600127
 -0.02946605 -0.04600127   -0.16509066  0.05848472   -0.02946605 -0.04600127
  0.02946605  0.04600127   -0.02946605 -0.04600127   -0.16509066  0.05848472
    2    1
 -0.16509066 -0.05848472   -0.02946605  0.04600127    0.02946605 -0.04600127
 -0.02946605  0.04600127   -0.16509066 -0.05848472   -0.02946605  0.04600127
  0.02946605 -0.04600127   -0.02946605  0.04600127   -0.16509066 -0.05848472
    2    2
  0.23114205  0.00000000   -0.02106377 -0.00000000    0.02106377  0.00000000
 -0.02106377 -0.00000000    0.23114205  0.00000000   -0.02106377 -0.00000000
  0.02106377  0.00000000   -0.02106377 -0.00000000    0.23114205  0.00000000

     Dynamical  Matrix in cartesian axes

     q = (    0.250000000  -0.250000000  -0.250000000 ) 

    1    1
  0.23202817  0.00000000   -0.02547014 -0.00000000   -0.02547014 -0.00000000
 -0.02547014 -0.00000000    0.23202817  0.00000000    0.02547014  0.00000000
 -0.02547014 -0.00000000    0.02547014  0.00000000    0.23202817  0.00000000
    1    2
 -0.16509066 -0.05848472   -0.02946605  0.04600127   -0.02946605  0.04600127
 -0.02946605  0.04600127   -0.16509066 -0.05848472    0.02946605 -0.04600127
 -0.02946605  0.04600127    0.02946605 -0.04600127   -0.16509066 -0.05848472
    2    1
 -0.16509066  0.05848472   -0.02946605 -0.04600127   -0.02946605 -0.04600127
 -0.02946605 -0.04600127   -0.16509066  0.05848472    0.02946605  0.04600127
 -0.02946605 -0.04600127    0.02946605  0.04600127   -0.16509066  0.05848472
    2    2
  0.23114205 -0.00000000   -0.02106377  0.00000000   -0.02106377  0.00000000
 -0.02106377  0.00000000    0.23114205 -0.00000000    0.02106377 -0.00000000
 -0.02106377  0.00000000    0.02106377 -0.00000000    0.23114205 -0.00000000

     Dynamical  Matrix in cartesian axes

     q = (   -0.250000000   0.250000000   0.250000000 ) 

    1    1
  0.23202817 -0.00000000   -0.02547014  0.00000000   -0.02547014  0.00000000
 -0.02547014  0.00000000    0.23202817 -0.00000000    0.02547014 -0.00000000
 -0.02547014  0.00000000    0.02547014 -0.00000000    0.23202817 -0.00000000
    1    2
 -0.16509066  0.05848472   -0.02946605 -0.04600127   -0.02946605 -0.04600127
 -0.02946605 -0.04600127   -0.16509066  0.05848472    0.02946605  0.04600127
 -0.02946605 -0.04600127    0.02946605  0.04600127   -0.16509066  0.05848472
    2    1
 -0.16509066 -0.05848472   -0.02946605  0.04600127   -0.02946605  0.04600127
 -0.02946605  0.04600127   -0.16509066 -0.05848472    0.02946605 -0.04600127
 -0.02946605  0.04600127    0.02946605 -0.04600127   -0.16509066 -0.05848472
    2    2
  0.23114205  0.00000000   -0.02106377 -0.00000000   -0.02106377 -0.00000000
 -0.02106377 -0.00000000    0.23114205  0.00000000    0.02106377  0.00000000
 -0.02106377 -0.00000000    0.02106377  0.00000000    0.23114205  0.00000000

     Dynamical  Matrix in cartesian axes

     q = (   -0.250000000  -0.250000000   0.250000000 ) 

    1    1
  0.23202817  0.00000000    0.02547014  0.00000000   -0.02547014 -0.00000000
  0.02547014  0.00000000    0.23202817  0.00000000   -0.02547014 -0.00000000
 -0.02547014 -0.00000000   -0.02547014 -0.00000000    0.23202817  0.00000000
    1    2
 -0.16509066 -0.05848472    0.02946605 -0.04600127   -0.02946605  0.04600127
  0.02946605 -0.04600127   -0.16509066 -0.05848472   -0.02946605  0.04600127
 -0.02946605  0.04600127   -0.02946605  0.04600127   -0.16509066 -0.05848472
    2    1
 -0.16509066  0.05848472    0.02946605  0.04600127   -0.02946605 -0.04600127
  0.02946605  0.04600127   -0.16509066  0.05848472   -0.02946605 -0.04600127
 -0.02946605 -0.04600127   -0.02946605 -0.04600127   -0.16509066  0.05848472
    2    2
  0.23114205 -0.00000000    0.02106377 -0.00000000   -0.02106377  0.00000000
  0.02106377 -0.00000000    0.23114205 -0.00000000   -0.02106377  0.00000000
 -0.02106377  0.00000000   -0.02106377  0.00000000    0.23114205 -0.00000000

     Dynamical  Matrix in cartesian axes

     q = (    0.250000000   0.250000000  -0.250000000 ) 

    1    1
  0.23202817 -0.00000000    0.02547014 -0.00000000   -0.02547014  0.00000000
  0.02547014 -0.00000000    0.23202817 -0.00000000   -0.02547014  0.00000000
 -0.02547014  0.00000000   -0.02547014  0.00000000    0.23202817 -0.00000000
    1    2
 -0.16509066  0.05848472    0.02946605  0.04600127   -0.02946605 -0.04600127
  0.02946605  0.04600127   -0.16509066  0.05848472   -0.02946605 -0.04600127
 -0.02946605 -0.04600127   -0.02946605 -0.04600127   -0.16509066  0.05848472
    2    1
 -0.16509066 -0.05848472    0.02946605 -0.04600127   -0.02946605  0.04600127
  0.02946605 -0.04600127   -0.16509066 -0.05848472   -0.02946605  0.04600127
 -0.02946605  0.04600127   -0.02946605  0.04600127   -0.16509066 -0.05848472
    2    2
  0.23114205  0.00000000    0.02106377  0.00000000   -0.02106377 -0.00000000
  0.02106377  0.00000000    0.23114205  0.00000000   -0.02106377 -0.00000000
 -0.02106377 -0.00000000   -0.02106377 -0.00000000    0.23114205  0.00000000

     Dynamical  Matrix in cartesian axes

     q = (    0.250000000   0.250000000   0.250000000 ) 

    1    1
  0.23202817  0.00000000    0.02547014  0.00000000    0.02547014  0.00000000
  0.02547014  0.00000000    0.23202817  0.00000000    0.02547014  0.00000000
  0.02547014  0.00000000    0.02547014  0.00000000    0.23202817  0.00000000
    1    2
 -0.05848472  0.16509066   -0.04600127 -0.02946605   -0.04600127 -0.02946605
 -0.04600127 -0.02946605   -0.05848472  0.16509066   -0.04600127 -0.02946605
 -0.04600127 -0.02946605   -0.04600127 -0.02946605   -0.05848472  0.16509066
    2    1
 -0.05848472 -0.16509066   -0.04600127  0.02946605   -0.04600127  0.02946605
 -0.04600127  0.02946605   -0.05848472 -0.16509066   -0.04600127  0.02946605
 -0.04600127  0.02946605   -0.04600127  0.02946605   -0.05848472 -0.16509066
    2    2
  0.23114205 -0.00000000    0.02106377 -0.00000000    0.02106377 -0.00000000
  0.02106377 -0.00000000    0.23114205 -0.00000000    0.02106377 -0.00000000
  0.02106377 -0.00000000    0.02106377 -0.00000000    0.23114205 -0.00000000

     Dynamical  Matrix in cartesian axes

     q = (   -0.250000000  -0.250000000  -0.250000000 ) 

    1    1
  0.23202817 -0.00000000    0.02547014 -0.00000000    0.02547014 -0.00000000
  0.02547014 -0.00000000    0.23202817 -0.00000000    0.02547014 -0.00000000
  0.02547014 -0.00000000    0.02547014 -0.00000000    0.23202817 -0.00000000
    1    2
 -0.05848472 -0.16509066   -0.04600127  0.02946605   -0.04600127  0.02946605
 -0.04600127  0.02946605   -0.05848472 -0.16509066   -0.04600127  0.02946605
 -0.04600127  0.02946605   -0.04600127  0.02946605   -0.05848472 -0.16509066
    2    1
 -0.05848472  0.16509066   -0.04600127 -0.02946605   -0.04600127 -0.02946605
 -0.04600127 -0.02946605   -0.05848472  0.16509066   -0.04600127 -0.02946605
 -0.04600127 -0.02946605   -0.04600127 -0.02946605   -0.05848472  0.16509066
    2    2
  0.23114205  0.00000000    0.02106377  0.00000000    0.02106377  0.00000000
  0.02106377  0.00000000    0.23114205  0.00000000    0.02106377  0.00000000
  0.02106377  0.00000000    0.02106377  0.00000000    0.23114205  0.00000000

     Diagonalizing the dynamical matrix

     q = (   -0.250000000   0.250000000  -0.250000000 ) 

 **************************************************************************
     freq (    1) =       1.761234 [THz] =      58.748456 [cm-1]
 (  0.392896  0.312875  0.372436  0.311563 -0.020459 -0.001313 ) 
 (  0.421749  0.293780  0.400769  0.293780 -0.020980  0.000000 ) 
     freq (    2) =       1.761234 [THz] =      58.748456 [cm-1]
 ( -0.270798 -0.007034  0.298311  0.029482  0.569109  0.036516 ) 
 ( -0.277015  0.010561  0.306584  0.010561  0.583599  0.000000 ) 
     freq (    3) =       4.534231 [THz] =     151.245656 [cm-1]
 (  0.204606  0.290043 -0.204606 -0.290043  0.204606  0.290043 ) 
 (  0.455351 -0.000000 -0.455351 -0.000000  0.455351  0.000000 ) 
     freq (    4) =      11.004848 [THz] =     367.082226 [cm-1]
 ( -0.607491  0.275429 -0.607491  0.275429  0.000000 -0.000000 ) 
 (  0.207130 -0.110413  0.207130 -0.110413  0.000000  0.000000 ) 
     freq (    5) =      11.004848 [THz] =     367.082226 [cm-1]
 ( -0.384310 -0.024659  0.384310  0.024659  0.768620  0.049317 ) 
 (  0.135516 -0.000000 -0.135516  0.000000 -0.271032  0.000000 ) 
     freq (    6) =      12.136529 [THz] =     404.831037 [cm-1]
 (  0.320421  0.454220 -0.320421 -0.454220  0.320421  0.454220 ) 
 ( -0.156039  0.000000  0.156039 -0.000000 -0.156039  0.000000 ) 
 **************************************************************************
