Dynamical matrix file
                                                                           
  2    2  2 10.5000000  0.0000000  0.0000000  0.0000000  0.0000000  0.0000000
           1  'Al  '    24590.7656527287     
           2  'As  '    68285.4026205499     
    1    1      0.0000000000      0.0000000000      0.0000000000
    2    2      0.2500000000      0.2500000000      0.2500000000

     Dynamical  Matrix in cartesian axes

     q = (   -0.250000000   0.250000000  -0.250000000 ) 

    1    1
  0.23202720  0.00000000   -0.02546982  0.00000000    0.02546982  0.00000000
 -0.02546982  0.00000000    0.23202720  0.00000000   -0.02546982  0.00000000
  0.02546982  0.00000000   -0.02546982  0.00000000    0.23202720  0.00000000
    1    2
 -0.16509158 -0.05848541   -0.02946539  0.04600200    0.02946539 -0.04600200
 -0.02946539  0.04600200   -0.16509158 -0.05848541   -0.02946539  0.04600200
  0.02946539 -0.04600200   -0.02946539  0.04600200   -0.16509158 -0.05848541
    2    1
 -0.16509158  0.05848541   -0.02946539 -0.04600200    0.02946539  0.04600200
 -0.02946539 -0.04600200   -0.16509158  0.05848541   -0.02946539 -0.04600200
  0.02946539  0.04600200   -0.02946539 -0.04600200   -0.16509158  0.05848541
    2    2
  0.23114253  0.00000000   -0.02106156  0.00000000    0.02106156  0.00000000
 -0.02106156  0.00000000    0.23114253  0.00000000   -0.02106156  0.00000000
  0.02106156  0.00000000   -0.02106156  0.00000000    0.23114253  0.00000000

     Dynamical  Matrix in cartesian axes

     q = (    0.250000000  -0.250000000   0.250000000 ) 

    1    1
  0.23202720  0.00000000   -0.02546982  0.00000000    0.02546982  0.00000000
 -0.02546982  0.00000000    0.23202720  0.00000000   -0.02546982  0.00000000
  0.02546982  0.00000000   -0.02546982  0.00000000    0.23202720  0.00000000
    1    2
 -0.16509158  0.05848541   -0.02946539 -0.04600200    0.02946539  0.04600200
 -0.02946539 -0.04600200   -0.16509158  0.05848541   -0.02946539 -0.04600200
  0.02946539  0.04600200   -0.02946539 -0.04600200   -0.16509158  0.05848541
    2    1
 -0.16509158 -0.05848541   -0.02946539  0.04600200    0.02946539 -0.04600200
 -0.02946539  0.04600200   -0.16509158 -0.05848541   -0.02946539  0.04600200
  0.02946539 -0.04600200   -0.02946539  0.04600200   -0.16509158 -0.05848541
    2    2
  0.23114253  0.00000000   -0.02106156  0.00000000    0.02106156  0.00000000
 -0.02106156  0.00000000    0.23114253  0.00000000   -0.02106156  0.00000000
  0.02106156  0.00000000   -0.02106156  0.00000000    0.23114253  0.00000000

     Dynamical  Matrix in cartesian axes

     q = (    0.250000000  -0.250000000  -0.250000000 ) 

    1    1
  0.23202720  0.00000000   -0.02546982  0.00000000   -0.02546982  0.00000000
 -0.02546982  0.00000000    0.23202720  0.00000000    0.02546982  0.00000000
 -0.02546982  0.00000000    0.02546982  0.00000000    0.23202720  0.00000000
    1    2
 -0.16509158 -0.05848541   -0.02946539  0.04600200   -0.02946539  0.04600200
 -0.02946539  0.04600200   -0.16509158 -0.05848541    0.02946539 -0.04600200
 -0.02946539  0.04600200    0.02946539 -0.04600200   -0.16509158 -0.05848541
    2    1
 -0.16509158  0.05848541   -0.02946539 -0.04600200   -0.02946539 -0.04600200
 -0.02946539 -0.04600200   -0.16509158  0.05848541    0.02946539  0.04600200
 -0.02946539 -0.04600200    0.02946539  0.04600200   -0.16509158  0.05848541
    2    2
  0.23114253  0.00000000   -0.02106156  0.00000000   -0.02106156  0.00000000
 -0.02106156  0.00000000    0.23114253  0.00000000    0.02106156  0.00000000
 -0.02106156  0.00000000    0.02106156  0.00000000    0.23114253  0.00000000

     Dynamical  Matrix in cartesian axes

     q = (   -0.250000000   0.250000000   0.250000000 ) 

    1    1
  0.23202720  0.00000000   -0.02546982  0.00000000   -0.02546982  0.00000000
 -0.02546982  0.00000000    0.23202720  0.00000000    0.02546982  0.00000000
 -0.02546982  0.00000000    0.02546982  0.00000000    0.23202720  0.00000000
    1    2
 -0.16509158  0.05848541   -0.02946539 -0.04600200   -0.02946539 -0.04600200
 -0.02946539 -0.04600200   -0.16509158  0.05848541    0.02946539  0.04600200
 -0.02946539 -0.04600200    0.02946539  0.04600200   -0.16509158  0.05848541
    2    1
 -0.16509158 -0.05848541   -0.02946539  0.04600200   -0.02946539  0.04600200
 -0.02946539  0.04600200   -0.16509158 -0.05848541    0.02946539 -0.04600200
 -0.02946539  0.04600200    0.02946539 -0.04600200   -0.16509158 -0.05848541
    2    2
  0.23114253  0.00000000   -0.02106156  0.00000000   -0.02106156  0.00000000
 -0.02106156  0.00000000    0.23114253  0.00000000    0.02106156  0.00000000
 -0.02106156  0.00000000    0.02106156  0.00000000    0.23114253  0.00000000

     Dynamical  Matrix in cartesian axes

     q = (   -0.250000000  -0.250000000   0.250000000 ) 

    1    1
  0.23202720  0.00000000    0.02546982  0.00000000   -0.02546982  0.00000000
  0.02546982  0.00000000    0.23202720  0.00000000   -0.02546982  0.00000000
 -0.02546982  0.00000000   -0.02546982  0.00000000    0.23202720  0.00000000
    1    2
 -0.16509158 -0.05848541    0.02946539 -0.04600200   -0.02946539  0.04600200
  0.02946539 -0.04600200   -0.16509158 -0.05848541   -0.02946539  0.04600200
 -0.02946539  0.04600200   -0.02946539  0.04600200   -0.16509158 -0.05848541
    2    1
 -0.16509158  0.05848541    0.02946539  0.04600200   -0.02946539 -0.04600200
  0.02946539  0.04600200   -0.16509158  0.05848541   -0.02946539 -0.04600200
 -0.02946539 -0.04600200   -0.02946539 -0.04600200   -0.16509158  0.05848541
    2    2
  0.23114253  0.00000000    0.02106156  0.00000000   -0.02106156  0.00000000
  0.02106156  0.00000000    0.23114253  0.00000000   -0.02106156  0.00000000
 -0.02106156  0.00000000   -0.02106156  0.00000000    0.23114253  0.00000000

     Dynamical  Matrix in cartesian axes

     q = (    0.250000000   0.250000000  -0.250000000 ) 

    1    1
  0.23202720  0.00000000    0.02546982  0.00000000   -0.02546982  0.00000000
  0.02546982  0.00000000    0.23202720  0.00000000   -0.02546982  0.00000000
 -0.02546982  0.00000000   -0.02546982  0.00000000    0.23202720  0.00000000
    1    2
 -0.16509158  0.05848541    0.02946539  0.04600200   -0.02946539 -0.04600200
  0.02946539  0.04600200   -0.16509158  0.05848541   -0.02946539 -0.04600200
 -0.02946539 -0.04600200   -0.02946539 -0.04600200   -0.16509158  0.05848541
    2    1
 -0.16509158 -0.05848541    0.02946539 -0.04600200   -0.02946539  0.04600200
  0.02946539 -0.04600200   -0.16509158 -0.05848541   -0.02946539  0.04600200
 -0.02946539  0.04600200   -0.02946539  0.04600200   -0.16509158 -0.05848541
    2    2
  0.23114253  0.00000000    0.02106156  0.00000000   -0.02106156  0.00000000
  0.02106156  0.00000000    0.23114253  0.00000000   -0.02106156  0.00000000
 -0.02106156  0.00000000   -0.02106156  0.00000000    0.23114253  0.00000000

     Dynamical  Matrix in cartesian axes

     q = (    0.250000000   0.250000000   0.250000000 ) 

    1    1
  0.23202720  0.00000000    0.02546982  0.00000000    0.02546982  0.00000000
  0.02546982  0.00000000    0.23202720  0.00000000    0.02546982  0.00000000
  0.02546982  0.00000000    0.02546982  0.00000000    0.23202720  0.00000000
    1    2
 -0.05848541  0.16509158   -0.04600200 -0.02946539   -0.04600200 -0.02946539
 -0.04600200 -0.02946539   -0.05848541  0.16509158   -0.04600200 -0.02946539
 -0.04600200 -0.02946539   -0.04600200 -0.02946539   -0.05848541  0.16509158
    2    1
 -0.05848541 -0.16509158   -0.04600200  0.02946539   -0.04600200  0.02946539
 -0.04600200  0.02946539   -0.05848541 -0.16509158   -0.04600200  0.02946539
 -0.04600200  0.02946539   -0.04600200  0.02946539   -0.05848541 -0.16509158
    2    2
  0.23114253  0.00000000    0.02106156  0.00000000    0.02106156  0.00000000
  0.02106156  0.00000000    0.23114253  0.00000000    0.02106156  0.00000000
  0.02106156  0.00000000    0.02106156  0.00000000    0.23114253  0.00000000

     Dynamical  Matrix in cartesian axes

     q = (   -0.250000000  -0.250000000  -0.250000000 ) 

    1    1
  0.23202720  0.00000000    0.02546982  0.00000000    0.02546982  0.00000000
  0.02546982  0.00000000    0.23202720  0.00000000    0.02546982  0.00000000
  0.02546982  0.00000000    0.02546982  0.00000000    0.23202720  0.00000000
    1    2
 -0.05848541 -0.16509158   -0.04600200  0.02946539   -0.04600200  0.02946539
 -0.04600200  0.02946539   -0.05848541 -0.16509158   -0.04600200  0.02946539
 -0.04600200  0.02946539   -0.04600200  0.02946539   -0.05848541 -0.16509158
    2    1
 -0.05848541  0.16509158   -0.04600200 -0.02946539   -0.04600200 -0.02946539
 -0.04600200 -0.02946539   -0.05848541  0.16509158   -0.04600200 -0.02946539
 -0.04600200 -0.02946539   -0.04600200 -0.02946539   -0.05848541  0.16509158
    2    2
  0.23114253  0.00000000    0.02106156  0.00000000    0.02106156  0.00000000
  0.02106156  0.00000000    0.23114253  0.00000000    0.02106156  0.00000000
  0.02106156  0.00000000    0.02106156  0.00000000    0.23114253  0.00000000

     Diagonalizing the dynamical matrix

     q = (   -0.250000000   0.250000000  -0.250000000 ) 

 **************************************************************************
     freq (    1) =       1.761287 [THz] =      58.750219 [cm-1]
 (  0.533878  0.037088  0.095655  0.008970 -0.438223 -0.028118 ) 
 (  0.547653  0.002892  0.098275  0.002892 -0.449377  0.000000 ) 
     freq (    2) =       1.761287 [THz] =      58.750219 [cm-1]
 (  0.197437  0.016081  0.561121  0.039416  0.363685  0.023335 ) 
 (  0.202686  0.003485  0.575627  0.003485  0.372942  0.000000 ) 
     freq (    3) =       4.534092 [THz] =     151.241026 [cm-1]
 (  0.204608  0.290045 -0.204608 -0.290045  0.204608  0.290045 ) 
 (  0.455349 -0.000000 -0.455349  0.000000  0.455349  0.000000 ) 
     freq (    4) =      11.004846 [THz] =     367.082157 [cm-1]
 ( -0.590951  0.309326 -0.590951  0.309326 -0.000000 -0.000000 ) 
 (  0.200559 -0.121944  0.200559 -0.121944  0.000000  0.000000 ) 
     freq (    5) =      11.004846 [THz] =     367.082157 [cm-1]
 ( -0.384309 -0.024659  0.384309  0.024659  0.768619  0.049317 ) 
 (  0.135517 -0.000000 -0.135517  0.000000 -0.271034  0.000000 ) 
     freq (    6) =      12.136526 [THz] =     404.830923 [cm-1]
 (  0.320422  0.454218 -0.320422 -0.454218  0.320422  0.454218 ) 
 ( -0.156040  0.000000  0.156040 -0.000000 -0.156040  0.000000 ) 
 **************************************************************************
