Dynamical matrix file
                                                                           
  2    2  2 10.5000000  0.0000000  0.0000000  0.0000000  0.0000000  0.0000000
           1  'Al  '    24590.7656527287     
           2  'As  '    68285.4026205499     
    1    1      0.0000000000      0.0000000000      0.0000000000
    2    2      0.2500000000      0.2500000000      0.2500000000

     Dynamical  Matrix in cartesian axes

     q = (    0.500000000   0.000000000   0.500000000 ) 

    1    1
  0.21973265  0.00000000    0.00000000 -0.01744023    0.01847598  0.00000000
  0.00000000  0.01744023    0.23143948  0.00000000    0.00000000  0.01744023
  0.01847598  0.00000000    0.00000000 -0.01744023    0.21973265  0.00000000
    1    2
  0.00000000  0.10682619   -0.07534409 -0.00000000    0.00000000 -0.07066741
 -0.09225749 -0.00000000    0.00000000  0.10834100   -0.09225749 -0.00000000
  0.00000000 -0.07066741   -0.07534409  0.00000000   -0.00000000  0.10682619
    2    1
  0.00000000 -0.10682619   -0.09225749  0.00000000    0.00000000  0.07066741
 -0.07534409  0.00000000    0.00000000 -0.10834100   -0.07534409  0.00000000
  0.00000000  0.07066741   -0.09225749  0.00000000   -0.00000000 -0.10682619
    2    2
  0.23484196  0.00000000    0.00000000 -0.01313048    0.02636052  0.00000000
  0.00000000  0.01313048    0.24366201  0.00000000    0.00000000  0.01313048
  0.02636052  0.00000000    0.00000000 -0.01313048    0.23484196  0.00000000

     Dynamical  Matrix in cartesian axes

     q = (   -0.500000000  -0.500000000   0.000000000 ) 

    1    1
  0.21973265  0.00000000    0.01847598  0.00000000   -0.00000000  0.01744023
  0.01847598  0.00000000    0.21973265  0.00000000   -0.00000000  0.01744023
  0.00000000 -0.01744023    0.00000000 -0.01744023    0.23143948  0.00000000
    1    2
 -0.00000000 -0.10682619   -0.00000000  0.07066741   -0.07534409  0.00000000
 -0.00000000  0.07066741   -0.00000000 -0.10682619   -0.07534409  0.00000000
 -0.09225749  0.00000000   -0.09225749  0.00000000   -0.00000000 -0.10834100
    2    1
 -0.00000000  0.10682619   -0.00000000 -0.07066741   -0.09225749  0.00000000
 -0.00000000 -0.07066741   -0.00000000  0.10682619   -0.09225749  0.00000000
 -0.07534409  0.00000000   -0.07534409  0.00000000   -0.00000000  0.10834100
    2    2
  0.23484196  0.00000000    0.02636052  0.00000000   -0.00000000  0.01313048
  0.02636052  0.00000000    0.23484196  0.00000000    0.00000000  0.01313048
  0.00000000 -0.01313048    0.00000000 -0.01313048    0.24366201  0.00000000

     Dynamical  Matrix in cartesian axes

     q = (   -0.500000000   0.500000000   0.000000000 ) 

    1    1
  0.21973265  0.00000000   -0.01847598  0.00000000   -0.00000000 -0.01744023
 -0.01847598  0.00000000    0.21973265  0.00000000   -0.00000000  0.01744023
  0.00000000  0.01744023    0.00000000 -0.01744023    0.23143948  0.00000000
    1    2
 -0.10682619  0.00000000   -0.07066741 -0.00000000    0.00000000 -0.07534409
 -0.07066741 -0.00000000   -0.10682619  0.00000000   -0.00000000  0.07534409
 -0.00000000 -0.09225749   -0.00000000  0.09225749   -0.10834100  0.00000000
    2    1
 -0.10682619 -0.00000000   -0.07066741  0.00000000    0.00000000  0.09225749
 -0.07066741  0.00000000   -0.10682619 -0.00000000    0.00000000 -0.09225749
  0.00000000  0.07534409   -0.00000000 -0.07534409   -0.10834100 -0.00000000
    2    2
  0.23484196  0.00000000   -0.02636052  0.00000000    0.00000000 -0.01313048
 -0.02636052  0.00000000    0.23484196  0.00000000    0.00000000  0.01313048
  0.00000000  0.01313048    0.00000000 -0.01313048    0.24366201  0.00000000

     Dynamical  Matrix in cartesian axes

     q = (   -0.500000000   0.000000000   0.500000000 ) 

    1    1
  0.21973265  0.00000000    0.00000000 -0.01744023   -0.01847598  0.00000000
  0.00000000  0.01744023    0.23143948  0.00000000    0.00000000 -0.01744023
 -0.01847598  0.00000000    0.00000000  0.01744023    0.21973265  0.00000000
    1    2
 -0.10682619  0.00000000    0.00000000 -0.07534409   -0.07066741  0.00000000
  0.00000000 -0.09225749   -0.10834100  0.00000000    0.00000000  0.09225749
 -0.07066741  0.00000000   -0.00000000  0.07534409   -0.10682619  0.00000000
    2    1
 -0.10682619  0.00000000    0.00000000  0.09225749   -0.07066741  0.00000000
  0.00000000  0.07534409   -0.10834100  0.00000000   -0.00000000 -0.07534409
 -0.07066741  0.00000000    0.00000000 -0.09225749   -0.10682619  0.00000000
    2    2
  0.23484196  0.00000000    0.00000000 -0.01313048   -0.02636052  0.00000000
  0.00000000  0.01313048    0.24366201  0.00000000    0.00000000 -0.01313048
 -0.02636052  0.00000000    0.00000000  0.01313048    0.23484196  0.00000000

     Dynamical  Matrix in cartesian axes

     q = (    0.500000000   0.000000000  -0.500000000 ) 

    1    1
  0.21973265  0.00000000    0.00000000  0.01744023   -0.01847598  0.00000000
  0.00000000 -0.01744023    0.23143948  0.00000000    0.00000000  0.01744023
 -0.01847598  0.00000000    0.00000000 -0.01744023    0.21973265  0.00000000
    1    2
 -0.10682619  0.00000000    0.00000000  0.07534409   -0.07066741  0.00000000
 -0.00000000  0.09225749   -0.10834100  0.00000000   -0.00000000 -0.09225749
 -0.07066741  0.00000000    0.00000000 -0.07534409   -0.10682619  0.00000000
    2    1
 -0.10682619  0.00000000    0.00000000 -0.09225749   -0.07066741  0.00000000
 -0.00000000 -0.07534409   -0.10834100  0.00000000    0.00000000  0.07534409
 -0.07066741  0.00000000    0.00000000  0.09225749   -0.10682619  0.00000000
    2    2
  0.23484196  0.00000000    0.00000000  0.01313048   -0.02636052  0.00000000
  0.00000000 -0.01313048    0.24366201  0.00000000    0.00000000  0.01313048
 -0.02636052  0.00000000    0.00000000 -0.01313048    0.23484196  0.00000000

     Dynamical  Matrix in cartesian axes

     q = (    0.500000000   0.500000000   0.000000000 ) 

    1    1
  0.21973265  0.00000000    0.01847598  0.00000000   -0.00000000 -0.01744023
  0.01847598  0.00000000    0.21973265  0.00000000   -0.00000000 -0.01744023
  0.00000000  0.01744023    0.00000000  0.01744023    0.23143948  0.00000000
    1    2
 -0.00000000  0.10682619    0.00000000 -0.07066741   -0.07534409 -0.00000000
  0.00000000 -0.07066741   -0.00000000  0.10682619   -0.07534409 -0.00000000
 -0.09225749 -0.00000000   -0.09225749 -0.00000000    0.00000000  0.10834100
    2    1
 -0.00000000 -0.10682619    0.00000000  0.07066741   -0.09225749  0.00000000
  0.00000000  0.07066741   -0.00000000 -0.10682619   -0.09225749  0.00000000
 -0.07534409  0.00000000   -0.07534409  0.00000000    0.00000000 -0.10834100
    2    2
  0.23484196  0.00000000    0.02636052  0.00000000   -0.00000000 -0.01313048
  0.02636052  0.00000000    0.23484196  0.00000000    0.00000000 -0.01313048
  0.00000000  0.01313048    0.00000000  0.01313048    0.24366201  0.00000000

     Dynamical  Matrix in cartesian axes

     q = (    0.500000000  -0.500000000   0.000000000 ) 

    1    1
  0.21973265  0.00000000   -0.01847598  0.00000000   -0.00000000  0.01744023
 -0.01847598  0.00000000    0.21973265  0.00000000   -0.00000000 -0.01744023
  0.00000000 -0.01744023    0.00000000  0.01744023    0.23143948  0.00000000
    1    2
 -0.10682619  0.00000000   -0.07066741 -0.00000000   -0.00000000  0.07534409
 -0.07066741 -0.00000000   -0.10682619  0.00000000    0.00000000 -0.07534409
  0.00000000  0.09225749    0.00000000 -0.09225749   -0.10834100  0.00000000
    2    1
 -0.10682619 -0.00000000   -0.07066741  0.00000000   -0.00000000 -0.09225749
 -0.07066741  0.00000000   -0.10682619 -0.00000000    0.00000000  0.09225749
 -0.00000000 -0.07534409    0.00000000  0.07534409   -0.10834100 -0.00000000
    2    2
  0.23484196  0.00000000   -0.02636052  0.00000000    0.00000000  0.01313048
 -0.02636052  0.00000000    0.23484196  0.00000000    0.00000000 -0.01313048
  0.00000000 -0.01313048    0.00000000  0.01313048    0.24366201  0.00000000

     Dynamical  Matrix in cartesian axes

     q = (    0.000000000   0.500000000   0.500000000 ) 

    1    1
  0.23143948  0.00000000    0.00000000  0.01744023    0.00000000  0.01744023
  0.00000000 -0.01744023    0.21973265  0.00000000    0.01847598  0.00000000
  0.00000000 -0.01744023    0.01847598  0.00000000    0.21973265  0.00000000
    1    2
  0.00000000  0.10834100   -0.09225749 -0.00000000   -0.09225749  0.00000000
 -0.07534409 -0.00000000    0.00000000  0.10682619    0.00000000 -0.07066741
 -0.07534409 -0.00000000    0.00000000 -0.07066741    0.00000000  0.10682619
    2    1
  0.00000000 -0.10834100   -0.07534409  0.00000000   -0.07534409  0.00000000
 -0.09225749  0.00000000    0.00000000 -0.10682619    0.00000000  0.07066741
 -0.09225749  0.00000000    0.00000000  0.07066741    0.00000000 -0.10682619
    2    2
  0.24366201  0.00000000    0.00000000  0.01313048    0.00000000  0.01313048
  0.00000000 -0.01313048    0.23484196  0.00000000    0.02636052  0.00000000
 -0.00000000 -0.01313048    0.02636052  0.00000000    0.23484196  0.00000000

     Dynamical  Matrix in cartesian axes

     q = (    0.000000000   0.500000000  -0.500000000 ) 

    1    1
  0.23143948  0.00000000   -0.00000000 -0.01744023    0.00000000  0.01744023
  0.00000000  0.01744023    0.21973265  0.00000000   -0.01847598  0.00000000
  0.00000000 -0.01744023   -0.01847598  0.00000000    0.21973265  0.00000000
    1    2
 -0.10834100  0.00000000   -0.00000000  0.09225749    0.00000000 -0.09225749
 -0.00000000  0.07534409   -0.10682619  0.00000000   -0.07066741  0.00000000
  0.00000000 -0.07534409   -0.07066741  0.00000000   -0.10682619  0.00000000
    2    1
 -0.10834100  0.00000000   -0.00000000 -0.07534409    0.00000000  0.07534409
 -0.00000000 -0.09225749   -0.10682619  0.00000000   -0.07066741  0.00000000
  0.00000000  0.09225749   -0.07066741  0.00000000   -0.10682619  0.00000000
    2    2
  0.24366201  0.00000000    0.00000000 -0.01313048    0.00000000  0.01313048
  0.00000000  0.01313048    0.23484196  0.00000000   -0.02636052  0.00000000
 -0.00000000 -0.01313048   -0.02636052  0.00000000    0.23484196  0.00000000

     Dynamical  Matrix in cartesian axes

     q = (    0.000000000  -0.500000000  -0.500000000 ) 

    1    1
  0.23143948  0.00000000    0.00000000 -0.01744023    0.00000000 -0.01744023
  0.00000000  0.01744023    0.21973265  0.00000000    0.01847598  0.00000000
  0.00000000  0.01744023    0.01847598  0.00000000    0.21973265  0.00000000
    1    2
 -0.00000000 -0.10834100   -0.09225749  0.00000000   -0.09225749  0.00000000
 -0.07534409  0.00000000   -0.00000000 -0.10682619    0.00000000  0.07066741
 -0.07534409  0.00000000    0.00000000  0.07066741   -0.00000000 -0.10682619
    2    1
 -0.00000000  0.10834100   -0.07534409  0.00000000   -0.07534409  0.00000000
 -0.09225749 -0.00000000   -0.00000000  0.10682619    0.00000000 -0.07066741
 -0.09225749  0.00000000    0.00000000 -0.07066741   -0.00000000  0.10682619
    2    2
  0.24366201  0.00000000    0.00000000 -0.01313048    0.00000000 -0.01313048
  0.00000000  0.01313048    0.23484196  0.00000000    0.02636052  0.00000000
 -0.00000000  0.01313048    0.02636052  0.00000000    0.23484196  0.00000000

     Dynamical  Matrix in cartesian axes

     q = (    0.000000000  -0.500000000   0.500000000 ) 

    1    1
  0.23143948  0.00000000   -0.00000000  0.01744023    0.00000000 -0.01744023
  0.00000000 -0.01744023    0.21973265  0.00000000   -0.01847598  0.00000000
  0.00000000  0.01744023   -0.01847598  0.00000000    0.21973265  0.00000000
    1    2
 -0.10834100  0.00000000    0.00000000 -0.09225749   -0.00000000  0.09225749
 -0.00000000 -0.07534409   -0.10682619  0.00000000   -0.07066741  0.00000000
  0.00000000  0.07534409   -0.07066741  0.00000000   -0.10682619  0.00000000
    2    1
 -0.10834100  0.00000000    0.00000000  0.07534409   -0.00000000 -0.07534409
  0.00000000  0.09225749   -0.10682619  0.00000000   -0.07066741  0.00000000
 -0.00000000 -0.09225749   -0.07066741  0.00000000   -0.10682619  0.00000000
    2    2
  0.24366201  0.00000000    0.00000000  0.01313048    0.00000000 -0.01313048
  0.00000000 -0.01313048    0.23484196  0.00000000   -0.02636052  0.00000000
 -0.00000000  0.01313048   -0.02636052  0.00000000    0.23484196  0.00000000

     Dynamical  Matrix in cartesian axes

     q = (   -0.500000000   0.000000000  -0.500000000 ) 

    1    1
  0.21973265  0.00000000    0.00000000  0.01744023    0.01847598  0.00000000
  0.00000000 -0.01744023    0.23143948  0.00000000    0.00000000 -0.01744023
  0.01847598  0.00000000    0.00000000  0.01744023    0.21973265  0.00000000
    1    2
 -0.00000000 -0.10682619   -0.07534409  0.00000000   -0.00000000  0.07066741
 -0.09225749  0.00000000   -0.00000000 -0.10834100   -0.09225749  0.00000000
 -0.00000000  0.07066741   -0.07534409 -0.00000000   -0.00000000 -0.10682619
    2    1
 -0.00000000  0.10682619   -0.09225749 -0.00000000   -0.00000000 -0.07066741
 -0.07534409  0.00000000   -0.00000000  0.10834100   -0.07534409  0.00000000
 -0.00000000 -0.07066741   -0.09225749 -0.00000000   -0.00000000  0.10682619
    2    2
  0.23484196  0.00000000    0.00000000  0.01313048    0.02636052  0.00000000
  0.00000000 -0.01313048    0.24366201  0.00000000    0.00000000 -0.01313048
  0.02636052  0.00000000    0.00000000  0.01313048    0.23484196  0.00000000

     Diagonalizing the dynamical matrix

     q = (    0.500000000   0.000000000   0.500000000 ) 

 **************************************************************************
     freq (    1) =       2.515004 [THz] =      83.891487 [cm-1]
 (  0.000000  0.486951 -0.000000 -0.000000  0.000000 -0.486951 ) 
 ( -0.512717 -0.000000  0.000000 -0.000000  0.512717  0.000000 ) 
     freq (    2) =       3.826457 [THz] =     127.636867 [cm-1]
 ( -0.000000 -0.246122 -0.605236  0.000000 -0.000000 -0.246122 ) 
 ( -0.228334 -0.000000 -0.000000 -0.638955 -0.228334  0.000000 ) 
     freq (    3) =       5.423919 [THz] =     180.922459 [cm-1]
 ( -0.000000 -0.269077  0.285037  0.000000 -0.000000 -0.269077 ) 
 (  0.548626 -0.000000 -0.000000 -0.414689  0.548626  0.000000 ) 
     freq (    4) =      10.719301 [THz] =     357.557401 [cm-1]
 ( -0.000000  0.653624  0.272501  0.000000 -0.000000  0.653624 ) 
 ( -0.010795 -0.000000  0.000000 -0.266574 -0.010795  0.000000 ) 
     freq (    5) =      10.737645 [THz] =     358.169285 [cm-1]
 ( -0.000000 -0.669056  0.000000  0.000000 -0.000000  0.669056 ) 
 ( -0.228831 -0.000000  0.000000 -0.000000  0.228831  0.000000 ) 
     freq (    6) =      11.303117 [THz] =     377.031394 [cm-1]
 ( -0.000000  0.256901 -0.892877  0.000000 -0.000000  0.256901 ) 
 (  0.170909 -0.000000  0.000000  0.111149  0.170909  0.000000 ) 
 **************************************************************************
