Dynamical matrix file
                                                                           
  2    2  2 10.5000000  0.0000000  0.0000000  0.0000000  0.0000000  0.0000000
           1  'Al  '    24590.7656527287     
           2  'As  '    68285.4026205499     
    1    1      0.0000000000      0.0000000000      0.0000000000
    2    2      0.2500000000      0.2500000000      0.2500000000

     Dynamical  Matrix in cartesian axes

     q = (    0.500000000   0.000000000   0.500000000 ) 

    1    1
  0.21973172  0.00000000    0.00000000 -0.01742932    0.01847432  0.00000000
  0.00000000  0.01742932    0.23144667  0.00000000    0.00000000  0.01742932
  0.01847432  0.00000000    0.00000000 -0.01742932    0.21973172  0.00000000
    1    2
  0.00000000  0.10682750   -0.07533894  0.00000000    0.00000000 -0.07066579
 -0.09228629  0.00000000    0.00000000  0.10833062   -0.09228629  0.00000000
  0.00000000 -0.07066579   -0.07533894 -0.00000000    0.00000000  0.10682750
    2    1
  0.00000000 -0.10682750   -0.09228629  0.00000000    0.00000000  0.07066579
 -0.07533894 -0.00000000    0.00000000 -0.10833062   -0.07533894 -0.00000000
  0.00000000  0.07066579   -0.09228629  0.00000000    0.00000000 -0.10682750
    2    2
  0.23486580  0.00000000    0.00000000 -0.01307279    0.02638727  0.00000000
  0.00000000  0.01307279    0.24371779  0.00000000    0.00000000  0.01307279
  0.02638727  0.00000000    0.00000000 -0.01307279    0.23486580  0.00000000

     Dynamical  Matrix in cartesian axes

     q = (   -0.500000000  -0.500000000   0.000000000 ) 

    1    1
  0.21973172  0.00000000    0.01847432  0.00000000    0.00000000  0.01742932
  0.01847432  0.00000000    0.21973172  0.00000000   -0.00000000  0.01742932
  0.00000000 -0.01742932    0.00000000 -0.01742932    0.23144667  0.00000000
    1    2
 -0.00000000 -0.10682750    0.00000000  0.07066579   -0.07533894  0.00000000
 -0.00000000  0.07066579   -0.00000000 -0.10682750   -0.07533894  0.00000000
 -0.09228629  0.00000000   -0.09228629  0.00000000   -0.00000000 -0.10833062
    2    1
 -0.00000000  0.10682750    0.00000000 -0.07066579   -0.09228629  0.00000000
 -0.00000000 -0.07066579   -0.00000000  0.10682750   -0.09228629  0.00000000
 -0.07533894 -0.00000000   -0.07533894 -0.00000000   -0.00000000  0.10833062
    2    2
  0.23486580  0.00000000    0.02638727  0.00000000   -0.00000000  0.01307279
  0.02638727  0.00000000    0.23486580  0.00000000    0.00000000  0.01307279
  0.00000000 -0.01307279    0.00000000 -0.01307279    0.24371779  0.00000000

     Dynamical  Matrix in cartesian axes

     q = (   -0.500000000   0.500000000   0.000000000 ) 

    1    1
  0.21973172  0.00000000   -0.01847432  0.00000000    0.00000000 -0.01742932
 -0.01847432  0.00000000    0.21973172  0.00000000   -0.00000000  0.01742932
  0.00000000  0.01742932    0.00000000 -0.01742932    0.23144667  0.00000000
    1    2
 -0.10682750  0.00000000   -0.07066579 -0.00000000    0.00000000 -0.07533894
 -0.07066579 -0.00000000   -0.10682750  0.00000000    0.00000000  0.07533894
 -0.00000000 -0.09228629    0.00000000  0.09228629   -0.10833062  0.00000000
    2    1
 -0.10682750 -0.00000000   -0.07066579  0.00000000    0.00000000  0.09228629
 -0.07066579  0.00000000   -0.10682750 -0.00000000   -0.00000000 -0.09228629
 -0.00000000  0.07533894    0.00000000 -0.07533894   -0.10833062 -0.00000000
    2    2
  0.23486580  0.00000000   -0.02638727  0.00000000    0.00000000 -0.01307279
 -0.02638727  0.00000000    0.23486580  0.00000000    0.00000000  0.01307279
  0.00000000  0.01307279    0.00000000 -0.01307279    0.24371779  0.00000000

     Dynamical  Matrix in cartesian axes

     q = (   -0.500000000   0.000000000   0.500000000 ) 

    1    1
  0.21973172  0.00000000    0.00000000 -0.01742932   -0.01847432  0.00000000
  0.00000000  0.01742932    0.23144667  0.00000000    0.00000000 -0.01742932
 -0.01847432  0.00000000    0.00000000  0.01742932    0.21973172  0.00000000
    1    2
 -0.10682750  0.00000000    0.00000000 -0.07533894   -0.07066579  0.00000000
  0.00000000 -0.09228629   -0.10833062  0.00000000    0.00000000  0.09228629
 -0.07066579  0.00000000    0.00000000  0.07533894   -0.10682750  0.00000000
    2    1
 -0.10682750  0.00000000    0.00000000  0.09228629   -0.07066579  0.00000000
 -0.00000000  0.07533894   -0.10833062  0.00000000    0.00000000 -0.07533894
 -0.07066579  0.00000000   -0.00000000 -0.09228629   -0.10682750  0.00000000
    2    2
  0.23486580  0.00000000    0.00000000 -0.01307279   -0.02638727  0.00000000
  0.00000000  0.01307279    0.24371779  0.00000000    0.00000000 -0.01307279
 -0.02638727  0.00000000    0.00000000  0.01307279    0.23486580  0.00000000

     Dynamical  Matrix in cartesian axes

     q = (    0.500000000   0.000000000  -0.500000000 ) 

    1    1
  0.21973172  0.00000000    0.00000000  0.01742932   -0.01847432  0.00000000
  0.00000000 -0.01742932    0.23144667  0.00000000    0.00000000  0.01742932
 -0.01847432  0.00000000    0.00000000 -0.01742932    0.21973172  0.00000000
    1    2
 -0.10682750  0.00000000    0.00000000  0.07533894   -0.07066579  0.00000000
  0.00000000  0.09228629   -0.10833062  0.00000000   -0.00000000 -0.09228629
 -0.07066579  0.00000000    0.00000000 -0.07533894   -0.10682750  0.00000000
    2    1
 -0.10682750  0.00000000   -0.00000000 -0.09228629   -0.07066579  0.00000000
  0.00000000 -0.07533894   -0.10833062  0.00000000   -0.00000000  0.07533894
 -0.07066579  0.00000000    0.00000000  0.09228629   -0.10682750  0.00000000
    2    2
  0.23486580  0.00000000    0.00000000  0.01307279   -0.02638727  0.00000000
  0.00000000 -0.01307279    0.24371779  0.00000000    0.00000000  0.01307279
 -0.02638727  0.00000000    0.00000000 -0.01307279    0.23486580  0.00000000

     Dynamical  Matrix in cartesian axes

     q = (    0.500000000   0.500000000   0.000000000 ) 

    1    1
  0.21973172  0.00000000    0.01847432  0.00000000    0.00000000 -0.01742932
  0.01847432  0.00000000    0.21973172  0.00000000   -0.00000000 -0.01742932
  0.00000000  0.01742932    0.00000000  0.01742932    0.23144667  0.00000000
    1    2
 -0.00000000  0.10682750    0.00000000 -0.07066579   -0.07533894  0.00000000
  0.00000000 -0.07066579   -0.00000000  0.10682750   -0.07533894  0.00000000
 -0.09228629  0.00000000   -0.09228629  0.00000000    0.00000000  0.10833062
    2    1
 -0.00000000 -0.10682750    0.00000000  0.07066579   -0.09228629  0.00000000
  0.00000000  0.07066579   -0.00000000 -0.10682750   -0.09228629  0.00000000
 -0.07533894 -0.00000000   -0.07533894 -0.00000000    0.00000000 -0.10833062
    2    2
  0.23486580  0.00000000    0.02638727  0.00000000   -0.00000000 -0.01307279
  0.02638727  0.00000000    0.23486580  0.00000000    0.00000000 -0.01307279
  0.00000000  0.01307279    0.00000000  0.01307279    0.24371779  0.00000000

     Dynamical  Matrix in cartesian axes

     q = (    0.500000000  -0.500000000   0.000000000 ) 

    1    1
  0.21973172  0.00000000   -0.01847432  0.00000000    0.00000000  0.01742932
 -0.01847432  0.00000000    0.21973172  0.00000000   -0.00000000 -0.01742932
  0.00000000 -0.01742932    0.00000000  0.01742932    0.23144667  0.00000000
    1    2
 -0.10682750  0.00000000   -0.07066579 -0.00000000    0.00000000  0.07533894
 -0.07066579 -0.00000000   -0.10682750  0.00000000    0.00000000 -0.07533894
  0.00000000  0.09228629   -0.00000000 -0.09228629   -0.10833062  0.00000000
    2    1
 -0.10682750 -0.00000000   -0.07066579  0.00000000   -0.00000000 -0.09228629
 -0.07066579  0.00000000   -0.10682750 -0.00000000    0.00000000  0.09228629
  0.00000000 -0.07533894   -0.00000000  0.07533894   -0.10833062 -0.00000000
    2    2
  0.23486580  0.00000000   -0.02638727  0.00000000    0.00000000  0.01307279
 -0.02638727  0.00000000    0.23486580  0.00000000    0.00000000 -0.01307279
  0.00000000 -0.01307279    0.00000000  0.01307279    0.24371779  0.00000000

     Dynamical  Matrix in cartesian axes

     q = (    0.000000000   0.500000000   0.500000000 ) 

    1    1
  0.23144667  0.00000000    0.00000000  0.01742932    0.00000000  0.01742932
  0.00000000 -0.01742932    0.21973172  0.00000000    0.01847432  0.00000000
 -0.00000000 -0.01742932    0.01847432  0.00000000    0.21973172  0.00000000
    1    2
  0.00000000  0.10833062   -0.09228629  0.00000000   -0.09228629  0.00000000
 -0.07533894  0.00000000    0.00000000  0.10682750    0.00000000 -0.07066579
 -0.07533894  0.00000000    0.00000000 -0.07066579    0.00000000  0.10682750
    2    1
  0.00000000 -0.10833062   -0.07533894 -0.00000000   -0.07533894 -0.00000000
 -0.09228629  0.00000000    0.00000000 -0.10682750    0.00000000  0.07066579
 -0.09228629  0.00000000    0.00000000  0.07066579    0.00000000 -0.10682750
    2    2
  0.24371779  0.00000000    0.00000000  0.01307279   -0.00000000  0.01307279
  0.00000000 -0.01307279    0.23486580  0.00000000    0.02638727  0.00000000
  0.00000000 -0.01307279    0.02638727  0.00000000    0.23486580  0.00000000

     Dynamical  Matrix in cartesian axes

     q = (    0.000000000   0.500000000  -0.500000000 ) 

    1    1
  0.23144667  0.00000000    0.00000000 -0.01742932    0.00000000  0.01742932
 -0.00000000  0.01742932    0.21973172  0.00000000   -0.01847432  0.00000000
 -0.00000000 -0.01742932   -0.01847432  0.00000000    0.21973172  0.00000000
    1    2
 -0.10833062  0.00000000    0.00000000  0.09228629    0.00000000 -0.09228629
  0.00000000  0.07533894   -0.10682750  0.00000000   -0.07066579  0.00000000
  0.00000000 -0.07533894   -0.07066579  0.00000000   -0.10682750  0.00000000
    2    1
 -0.10833062  0.00000000    0.00000000 -0.07533894   -0.00000000  0.07533894
 -0.00000000 -0.09228629   -0.10682750  0.00000000   -0.07066579  0.00000000
  0.00000000  0.09228629   -0.07066579  0.00000000   -0.10682750  0.00000000
    2    2
  0.24371779  0.00000000    0.00000000 -0.01307279    0.00000000  0.01307279
  0.00000000  0.01307279    0.23486580  0.00000000   -0.02638727  0.00000000
  0.00000000 -0.01307279   -0.02638727  0.00000000    0.23486580  0.00000000

     Dynamical  Matrix in cartesian axes

     q = (    0.000000000  -0.500000000  -0.500000000 ) 

    1    1
  0.23144667  0.00000000    0.00000000 -0.01742932    0.00000000 -0.01742932
  0.00000000  0.01742932    0.21973172  0.00000000    0.01847432  0.00000000
 -0.00000000  0.01742932    0.01847432  0.00000000    0.21973172  0.00000000
    1    2
 -0.00000000 -0.10833062   -0.09228629  0.00000000   -0.09228629  0.00000000
 -0.07533894  0.00000000   -0.00000000 -0.10682750    0.00000000  0.07066579
 -0.07533894  0.00000000    0.00000000  0.07066579   -0.00000000 -0.10682750
    2    1
 -0.00000000  0.10833062   -0.07533894 -0.00000000   -0.07533894 -0.00000000
 -0.09228629  0.00000000   -0.00000000  0.10682750    0.00000000 -0.07066579
 -0.09228629  0.00000000    0.00000000 -0.07066579   -0.00000000  0.10682750
    2    2
  0.24371779  0.00000000    0.00000000 -0.01307279   -0.00000000 -0.01307279
  0.00000000  0.01307279    0.23486580  0.00000000    0.02638727  0.00000000
  0.00000000  0.01307279    0.02638727  0.00000000    0.23486580  0.00000000

     Dynamical  Matrix in cartesian axes

     q = (    0.000000000  -0.500000000   0.500000000 ) 

    1    1
  0.23144667  0.00000000    0.00000000  0.01742932    0.00000000 -0.01742932
 -0.00000000 -0.01742932    0.21973172  0.00000000   -0.01847432  0.00000000
 -0.00000000  0.01742932   -0.01847432  0.00000000    0.21973172  0.00000000
    1    2
 -0.10833062  0.00000000    0.00000000 -0.09228629    0.00000000  0.09228629
  0.00000000 -0.07533894   -0.10682750  0.00000000   -0.07066579  0.00000000
  0.00000000  0.07533894   -0.07066579  0.00000000   -0.10682750  0.00000000
    2    1
 -0.10833062  0.00000000   -0.00000000  0.07533894    0.00000000 -0.07533894
  0.00000000  0.09228629   -0.10682750  0.00000000   -0.07066579  0.00000000
 -0.00000000 -0.09228629   -0.07066579  0.00000000   -0.10682750  0.00000000
    2    2
  0.24371779  0.00000000    0.00000000  0.01307279    0.00000000 -0.01307279
  0.00000000 -0.01307279    0.23486580  0.00000000   -0.02638727  0.00000000
  0.00000000  0.01307279   -0.02638727  0.00000000    0.23486580  0.00000000

     Dynamical  Matrix in cartesian axes

     q = (   -0.500000000   0.000000000  -0.500000000 ) 

    1    1
  0.21973172  0.00000000    0.00000000  0.01742932    0.01847432  0.00000000
  0.00000000 -0.01742932    0.23144667  0.00000000    0.00000000 -0.01742932
  0.01847432  0.00000000    0.00000000  0.01742932    0.21973172  0.00000000
    1    2
 -0.00000000 -0.10682750   -0.07533894  0.00000000   -0.00000000  0.07066579
 -0.09228629  0.00000000   -0.00000000 -0.10833062   -0.09228629  0.00000000
 -0.00000000  0.07066579   -0.07533894  0.00000000   -0.00000000 -0.10682750
    2    1
 -0.00000000  0.10682750   -0.09228629  0.00000000   -0.00000000 -0.07066579
 -0.07533894 -0.00000000   -0.00000000  0.10833062   -0.07533894 -0.00000000
 -0.00000000 -0.07066579   -0.09228629 -0.00000000   -0.00000000  0.10682750
    2    2
  0.23486580  0.00000000    0.00000000  0.01307279    0.02638727  0.00000000
  0.00000000 -0.01307279    0.24371779  0.00000000    0.00000000 -0.01307279
  0.02638727  0.00000000    0.00000000  0.01307279    0.23486580  0.00000000

     Diagonalizing the dynamical matrix

     q = (    0.500000000   0.000000000   0.500000000 ) 

 **************************************************************************
     freq (    1) =       2.514964 [THz] =      83.890178 [cm-1]
 ( -0.000000 -0.486949 -0.000000  0.000000 -0.000000  0.486949 ) 
 (  0.512719  0.000000 -0.000000  0.000000 -0.512719  0.000000 ) 
     freq (    2) =       3.826432 [THz] =     127.636034 [cm-1]
 (  0.000000 -0.245911 -0.605403 -0.000000  0.000000 -0.245911 ) 
 ( -0.228740 -0.000000  0.000000 -0.638669 -0.228740  0.000000 ) 
     freq (    3) =       5.425107 [THz] =     180.962087 [cm-1]
 (  0.000000  0.269381 -0.284611 -0.000000  0.000000  0.269381 ) 
 ( -0.548375  0.000000  0.000000  0.415253 -0.548375  0.000000 ) 
     freq (    4) =      10.719384 [THz] =     357.560176 [cm-1]
 (  0.000000 -0.653686 -0.272246 -0.000000  0.000000 -0.653686 ) 
 (  0.010719  0.000000 -0.000000  0.266534  0.010719  0.000000 ) 
     freq (    5) =      10.737648 [THz] =     358.169383 [cm-1]
 (  0.000000  0.669057 -0.000000 -0.000000  0.000000 -0.669057 ) 
 (  0.228829  0.000000 -0.000000  0.000000 -0.228829  0.000000 ) 
     freq (    6) =      11.303312 [THz] =     377.037890 [cm-1]
 (  0.000000 -0.256684  0.892979  0.000000 -0.000000 -0.256684 ) 
 ( -0.170957 -0.000000 -0.000000 -0.111188 -0.170957  0.000000 ) 
 **************************************************************************
